Project,Package,Class,Smell,Description,File
commons-io,org.apache.commons.io,LineIterator,Cyclically-dependent Modularization,The tool detected the smell in this class because this class participates in a cyclic dependency. The participating classes in the cycle are: UnsynchronizedByteArrayOutputStream; UnsynchronizedByteArrayInputStream; IOUtils; QueueInputStream; QueueOutputStream; BoundedInputStream; ProxyInputStream; LineIterator; ByteArrayOutputStream; NullOutputStream; NullWriter,/data/henrique/detecting_smells_study/project/data/repositories/commons-io/src/main/java/org/apache/commons/io/LineIterator.java
commons-io,org.apache.commons.io,IOUtils,Deficient Encapsulation,The tool detected the smell in this class because the class exposes fields belonging to it with public accessibility. Following fields are declared with public accessiblity: LOCAL; INSTANCE; buffer; LOCAL; INSTANCE; buffer; CR; DEFAULT_BUFFER_SIZE; DIR_SEPARATOR; DIR_SEPARATOR_UNIX; DIR_SEPARATOR_WINDOWS; EMPTY_BYTE_ARRAY; EOF; LF; LINE_SEPARATOR; LINE_SEPARATOR_UNIX; LINE_SEPARATOR_WINDOWS; SOFT_MAX_ARRAY_LENGTH,/data/henrique/detecting_smells_study/project/data/repositories/commons-io/src/main/java/org/apache/commons/io/IOUtils.java
commons-io,org.apache.commons.io,IOUtils,Insufficient Modularization,The tool detected the smell in this class becuase the class has bloated interface (large number of public methods). Total public methods in the class: 161 public methods,/data/henrique/detecting_smells_study/project/data/repositories/commons-io/src/main/java/org/apache/commons/io/IOUtils.java
commons-io,org.apache.commons.io,IOUtils.ScratchBytes,Unnecessary Abstraction,The tool detected the smell in this class because the class contains only a few data members without any method implementation that indicates that the abstraction might not be required. Following fields are declared in this class: LOCAL; INSTANCE; buffer,/data/henrique/detecting_smells_study/project/data/repositories/commons-io/src/main/java/org/apache/commons/io/IOUtils.java
commons-io,org.apache.commons.io,IOUtils.ScratchChars,Unnecessary Abstraction,The tool detected the smell in this class because the class contains only a few data members without any method implementation that indicates that the abstraction might not be required. Following fields are declared in this class: LOCAL; INSTANCE; buffer,/data/henrique/detecting_smells_study/project/data/repositories/commons-io/src/main/java/org/apache/commons/io/IOUtils.java
commons-io,org.apache.commons.io,FileDeleteStrategy,Deficient Encapsulation,The tool detected the smell in this class because the class exposes fields belonging to it with public accessibility. Following fields are declared with public accessiblity: NORMAL; FORCE; name,/data/henrique/detecting_smells_study/project/data/repositories/commons-io/src/main/java/org/apache/commons/io/FileDeleteStrategy.java
commons-io,org.apache.commons.io,FileDeleteStrategy.ForceFileDeleteStrategy,Unnecessary Abstraction,The tool detected the smell in this class because the class contains only a few data members without any method implementation that indicates that the abstraction might not be required. Following fields are declared in this class: ,/data/henrique/detecting_smells_study/project/data/repositories/commons-io/src/main/java/org/apache/commons/io/FileDeleteStrategy.java
commons-io,org.apache.commons.io,FileDeleteStrategy.ForceFileDeleteStrategy,Unutilized Abstraction,The tool detected the smell in this class because this class is potentially unused. (Please ignore the smell if the reported class is auto-generated and/or used to serve a specific known purpose.),/data/henrique/detecting_smells_study/project/data/repositories/commons-io/src/main/java/org/apache/commons/io/FileDeleteStrategy.java
commons-io,org.apache.commons.io,ByteBuffers,Unutilized Abstraction,The tool detected the smell in this class because this class is potentially unused. (Please ignore the smell if the reported class is auto-generated and/or used to serve a specific known purpose.),/data/henrique/detecting_smells_study/project/data/repositories/commons-io/src/main/java/org/apache/commons/io/ByteBuffers.java
commons-io,org.apache.commons.io,ByteOrderMark,Deficient Encapsulation,The tool detected the smell in this class because the class exposes fields belonging to it with public accessibility. Following fields are declared with public accessiblity: serialVersionUID; UTF_8; UTF_16BE; UTF_16LE; UTF_32BE; UTF_32LE; UTF_BOM; charsetName; bytes,/data/henrique/detecting_smells_study/project/data/repositories/commons-io/src/main/java/org/apache/commons/io/ByteOrderMark.java
commons-io,org.apache.commons.io,Charsets,Deficient Encapsulation,The tool detected the smell in this class because the class exposes fields belonging to it with public accessibility. Following fields are declared with public accessiblity: STANDARD_CHARSET_MAP; ISO_8859_1; US_ASCII; UTF_16; UTF_16BE; UTF_16LE; UTF_8,/data/henrique/detecting_smells_study/project/data/repositories/commons-io/src/main/java/org/apache/commons/io/Charsets.java
commons-io,org.apache.commons.io,DirectoryWalker.CancelException,Unnecessary Abstraction,The tool detected the smell in this class because the class contains only a few data members without any method implementation that indicates that the abstraction might not be required. Following fields are declared in this class: serialVersionUID; file; depth,/data/henrique/detecting_smells_study/project/data/repositories/commons-io/src/main/java/org/apache/commons/io/DirectoryWalker.java
commons-io,org.apache.commons.io,FileSystem,Cyclically-dependent Modularization,The tool detected the smell in this class because this class participates in a cyclic dependency. The participating classes in the cycle are: FilenameUtils; FileSystem,/data/henrique/detecting_smells_study/project/data/repositories/commons-io/src/main/java/org/apache/commons/io/FileSystem.java
commons-io,org.apache.commons.io,FileSystem.NameLengthStrategy,Unnecessary Abstraction,The tool detected the smell in this class because the class contains only a few data members without any method implementation that indicates that the abstraction might not be required. Following fields are declared in this class: ,/data/henrique/detecting_smells_study/project/data/repositories/commons-io/src/main/java/org/apache/commons/io/FileSystem.java
commons-io,org.apache.commons.io,TaggedIOException,Broken Hierarchy,The tool detected a potential instance of the smell because this type does not implement or override any method from it's supertype(s): IOExceptionWithCause,/data/henrique/detecting_smells_study/project/data/repositories/commons-io/src/main/java/org/apache/commons/io/TaggedIOException.java
commons-io,org.apache.commons.io,FileUtils,Deficient Encapsulation,The tool detected the smell in this class because the class exposes fields belonging to it with public accessibility. Following fields are declared with public accessiblity: PROTOCOL_FILE; ONE_KB; ONE_KB_BI; ONE_MB; ONE_MB_BI; ONE_GB; ONE_GB_BI; ONE_TB; ONE_TB_BI; ONE_PB; ONE_PB_BI; ONE_EB; ONE_EB_BI; ONE_ZB; ONE_YB; ONE_RB; ONE_QB; EMPTY_FILE_ARRAY,/data/henrique/detecting_smells_study/project/data/repositories/commons-io/src/main/java/org/apache/commons/io/FileUtils.java
commons-io,org.apache.commons.io,FileUtils,Cyclically-dependent Modularization,The tool detected the smell in this class because this class participates in a cyclic dependency. The participating classes in the cycle are: FileUtils; PathUtils; AccumulatorPathVisitor; SuffixFileFilter,/data/henrique/detecting_smells_study/project/data/repositories/commons-io/src/main/java/org/apache/commons/io/FileUtils.java
commons-io,org.apache.commons.io,FileUtils,Insufficient Modularization,The tool detected the smell in this class becuase the class has bloated interface (large number of public methods). Total public methods in the class: 135 public methods,/data/henrique/detecting_smells_study/project/data/repositories/commons-io/src/main/java/org/apache/commons/io/FileUtils.java
commons-io,org.apache.commons.io,EndianUtils,Insufficient Modularization,The tool detected the smell in this class becuase the class has bloated interface (large number of public methods). Total public methods in the class: 30 public methods,/data/henrique/detecting_smells_study/project/data/repositories/commons-io/src/main/java/org/apache/commons/io/EndianUtils.java
commons-io,org.apache.commons.io,HexDump,Deficient Encapsulation,The tool detected the smell in this class because the class exposes fields belonging to it with public accessibility. Following fields are declared with public accessiblity: EOL; HEX_CODES; SHIFTS,/data/henrique/detecting_smells_study/project/data/repositories/commons-io/src/main/java/org/apache/commons/io/HexDump.java
commons-io,org.apache.commons.io,FileCleaningTracker.Reaper,Unnecessary Abstraction,The tool detected the smell in this class because the class contains only a few data members without any method implementation that indicates that the abstraction might not be required. Following fields are declared in this class: ,/data/henrique/detecting_smells_study/project/data/repositories/commons-io/src/main/java/org/apache/commons/io/FileCleaningTracker.java
commons-io,org.apache.commons.io,FileCleaningTracker.Tracker,Unnecessary Abstraction,The tool detected the smell in this class because the class contains only a few data members without any method implementation that indicates that the abstraction might not be required. Following fields are declared in this class: path; deleteStrategy,/data/henrique/detecting_smells_study/project/data/repositories/commons-io/src/main/java/org/apache/commons/io/FileCleaningTracker.java
commons-io,org.apache.commons.io,FileCleaningTracker.Tracker,Unutilized Abstraction,The tool detected the smell in this class because this class is potentially unused. (Please ignore the smell if the reported class is auto-generated and/or used to serve a specific known purpose.),/data/henrique/detecting_smells_study/project/data/repositories/commons-io/src/main/java/org/apache/commons/io/FileCleaningTracker.java
commons-io,org.apache.commons.io,FilenameUtils,Deficient Encapsulation,The tool detected the smell in this class because the class exposes fields belonging to it with public accessibility. Following fields are declared with public accessiblity: EMPTY_STRING_ARRAY; EMPTY_STRING; NOT_FOUND; EXTENSION_SEPARATOR; EXTENSION_SEPARATOR_STR; UNIX_NAME_SEPARATOR; WINDOWS_NAME_SEPARATOR; SYSTEM_NAME_SEPARATOR; OTHER_SEPARATOR; IPV4_PATTERN; IPV4_MAX_OCTET_VALUE; IPV6_MAX_HEX_GROUPS; IPV6_MAX_HEX_DIGITS_PER_GROUP; MAX_UNSIGNED_SHORT; BASE_16; REG_NAME_PART_PATTERN,/data/henrique/detecting_smells_study/project/data/repositories/commons-io/src/main/java/org/apache/commons/io/FilenameUtils.java
commons-io,org.apache.commons.io,FilenameUtils,Insufficient Modularization,The tool detected the smell in this class becuase the class has bloated interface (large number of public methods). Total public methods in the class: 33 public methods,/data/henrique/detecting_smells_study/project/data/repositories/commons-io/src/main/java/org/apache/commons/io/FilenameUtils.java
commons-io,org.apache.commons.io,CloseableURLConnection,Insufficient Modularization,The tool detected the smell in this class becuase the class has bloated interface (large number of public methods). Total public methods in the class: 45 public methods,/data/henrique/detecting_smells_study/project/data/repositories/commons-io/src/main/java/org/apache/commons/io/CloseableURLConnection.java
commons-io,org.apache.commons.io,StreamIterator,Unutilized Abstraction,The tool detected the smell in this class because this class is potentially unused. (Please ignore the smell if the reported class is auto-generated and/or used to serve a specific known purpose.),/data/henrique/detecting_smells_study/project/data/repositories/commons-io/src/main/java/org/apache/commons/io/StreamIterator.java
commons-io,org.apache.commons.io,FileCleanerTest,Unutilized Abstraction,The tool detected the smell in this class because this class is potentially unused. (Please ignore the smell if the reported class is auto-generated and/or used to serve a specific known purpose.),/data/henrique/detecting_smells_study/project/data/repositories/commons-io/src/test/java/org/apache/commons/io/FileCleanerTest.java
commons-io,org.apache.commons.io,FileUtilsDeleteDirectoryWindowsTest,Unutilized Abstraction,The tool detected the smell in this class because this class is potentially unused. (Please ignore the smell if the reported class is auto-generated and/or used to serve a specific known purpose.),/data/henrique/detecting_smells_study/project/data/repositories/commons-io/src/test/java/org/apache/commons/io/FileUtilsDeleteDirectoryWindowsTest.java
commons-io,org.apache.commons.io,DirectoryWalkerTest.TestCancelWalker,Unnecessary Abstraction,The tool detected the smell in this class because the class contains only a few data members without any method implementation that indicates that the abstraction might not be required. Following fields are declared in this class: cancelFileName; suppressCancel,/data/henrique/detecting_smells_study/project/data/repositories/commons-io/src/test/java/org/apache/commons/io/DirectoryWalkerTest.java
commons-io,org.apache.commons.io,DirectoryWalkerTest.TestFalseFileFinder,Unnecessary Abstraction,The tool detected the smell in this class because the class contains only a few data members without any method implementation that indicates that the abstraction might not be required. Following fields are declared in this class: ,/data/henrique/detecting_smells_study/project/data/repositories/commons-io/src/test/java/org/apache/commons/io/DirectoryWalkerTest.java
commons-io,org.apache.commons.io,DirectoryWalkerTest.TestFileFinder,Unnecessary Abstraction,The tool detected the smell in this class because the class contains only a few data members without any method implementation that indicates that the abstraction might not be required. Following fields are declared in this class: ,/data/henrique/detecting_smells_study/project/data/repositories/commons-io/src/test/java/org/apache/commons/io/DirectoryWalkerTest.java
commons-io,org.apache.commons.io,DirectoryWalkerTest.TestFileFinderString,Unnecessary Abstraction,The tool detected the smell in this class because the class contains only a few data members without any method implementation that indicates that the abstraction might not be required. Following fields are declared in this class: ,/data/henrique/detecting_smells_study/project/data/repositories/commons-io/src/test/java/org/apache/commons/io/DirectoryWalkerTest.java
commons-io,org.apache.commons.io,DirectoryWalkerTest.TestMultiThreadCancelWalker,Unnecessary Abstraction,The tool detected the smell in this class because the class contains only a few data members without any method implementation that indicates that the abstraction might not be required. Following fields are declared in this class: cancelFileName; suppressCancel; canceled; results,/data/henrique/detecting_smells_study/project/data/repositories/commons-io/src/test/java/org/apache/commons/io/DirectoryWalkerTest.java
commons-io,org.apache.commons.io,DirectoryWalkerTest.TestMultiThreadCancelWalker,Deficient Encapsulation,The tool detected the smell in this class because the class exposes fields belonging to it with public accessibility. Following fields are declared with public accessiblity: cancelFileName; suppressCancel; canceled; results,/data/henrique/detecting_smells_study/project/data/repositories/commons-io/src/test/java/org/apache/commons/io/DirectoryWalkerTest.java
commons-io,org.apache.commons.io,FileUtilsTest.ListDirectoryWalker,Unnecessary Abstraction,The tool detected the smell in this class because the class contains only a few data members without any method implementation that indicates that the abstraction might not be required. Following fields are declared in this class: ,/data/henrique/detecting_smells_study/project/data/repositories/commons-io/src/test/java/org/apache/commons/io/FileUtilsTest.java
commons-io,org.apache.commons.io,DemuxInputStreamTest.ReaderThread,Unnecessary Abstraction,The tool detected the smell in this class because the class contains only a few data members without any method implementation that indicates that the abstraction might not be required. Following fields are declared in this class: demuxInputStream; inputStream; stringBuffer,/data/henrique/detecting_smells_study/project/data/repositories/commons-io/src/test/java/org/apache/commons/io/DemuxInputStreamTest.java
commons-io,org.apache.commons.io,DemuxInputStreamTest.WriterThread,Unnecessary Abstraction,The tool detected the smell in this class because the class contains only a few data members without any method implementation that indicates that the abstraction might not be required. Following fields are declared in this class: byteArray; demuxOutputStream; outputStream,/data/henrique/detecting_smells_study/project/data/repositories/commons-io/src/test/java/org/apache/commons/io/DemuxInputStreamTest.java
commons-io,org.apache.commons.io,IOUtilsConcurrentTest,Unutilized Abstraction,The tool detected the smell in this class because this class is potentially unused. (Please ignore the smell if the reported class is auto-generated and/or used to serve a specific known purpose.),/data/henrique/detecting_smells_study/project/data/repositories/commons-io/src/test/java/org/apache/commons/io/IOUtilsConcurrentTest.java
commons-io,org.apache.commons.io,IOUtilsConcurrentTest.ChecksumReader,Unnecessary Abstraction,The tool detected the smell in this class because the class contains only a few data members without any method implementation that indicates that the abstraction might not be required. Following fields are declared in this class: checksum; expectedChecksumValue; reader,/data/henrique/detecting_smells_study/project/data/repositories/commons-io/src/test/java/org/apache/commons/io/IOUtilsConcurrentTest.java
commons-io,org.apache.commons.io,BrokenTestFactories,Unutilized Abstraction,The tool detected the smell in this class because this class is potentially unused. (Please ignore the smell if the reported class is auto-generated and/or used to serve a specific known purpose.),/data/henrique/detecting_smells_study/project/data/repositories/commons-io/src/test/java/org/apache/commons/io/BrokenTestFactories.java
commons-io,org.apache.commons.io,BrokenTestFactories.CustomError,Unnecessary Abstraction,The tool detected the smell in this class because the class contains only a few data members without any method implementation that indicates that the abstraction might not be required. Following fields are declared in this class: serialVersionUID,/data/henrique/detecting_smells_study/project/data/repositories/commons-io/src/test/java/org/apache/commons/io/BrokenTestFactories.java
commons-io,org.apache.commons.io,BrokenTestFactories.CustomError,Unutilized Abstraction,The tool detected the smell in this class because this class is potentially unused. (Please ignore the smell if the reported class is auto-generated and/or used to serve a specific known purpose.),/data/henrique/detecting_smells_study/project/data/repositories/commons-io/src/test/java/org/apache/commons/io/BrokenTestFactories.java
commons-io,org.apache.commons.io,BrokenTestFactories.CustomException,Unnecessary Abstraction,The tool detected the smell in this class because the class contains only a few data members without any method implementation that indicates that the abstraction might not be required. Following fields are declared in this class: serialVersionUID,/data/henrique/detecting_smells_study/project/data/repositories/commons-io/src/test/java/org/apache/commons/io/BrokenTestFactories.java
commons-io,org.apache.commons.io,BrokenTestFactories.CustomException,Unutilized Abstraction,The tool detected the smell in this class because this class is potentially unused. (Please ignore the smell if the reported class is auto-generated and/or used to serve a specific known purpose.),/data/henrique/detecting_smells_study/project/data/repositories/commons-io/src/test/java/org/apache/commons/io/BrokenTestFactories.java
commons-io,org.apache.commons.io,BrokenTestFactories.CustomRuntimeException,Unnecessary Abstraction,The tool detected the smell in this class because the class contains only a few data members without any method implementation that indicates that the abstraction might not be required. Following fields are declared in this class: serialVersionUID,/data/henrique/detecting_smells_study/project/data/repositories/commons-io/src/test/java/org/apache/commons/io/BrokenTestFactories.java
commons-io,org.apache.commons.io,BrokenTestFactories.CustomRuntimeException,Unutilized Abstraction,The tool detected the smell in this class because this class is potentially unused. (Please ignore the smell if the reported class is auto-generated and/or used to serve a specific known purpose.),/data/henrique/detecting_smells_study/project/data/repositories/commons-io/src/test/java/org/apache/commons/io/BrokenTestFactories.java
commons-io,org.apache.commons.io,RandomAccessFilesTest,Unutilized Abstraction,The tool detected the smell in this class because this class is potentially unused. (Please ignore the smell if the reported class is auto-generated and/or used to serve a specific known purpose.),/data/henrique/detecting_smells_study/project/data/repositories/commons-io/src/test/java/org/apache/commons/io/RandomAccessFilesTest.java
commons-io,org.apache.commons.io,FileUtilsCopyToFileTest.CheckingInputStream,Unnecessary Abstraction,The tool detected the smell in this class because the class contains only a few data members without any method implementation that indicates that the abstraction might not be required. Following fields are declared in this class: closed,/data/henrique/detecting_smells_study/project/data/repositories/commons-io/src/test/java/org/apache/commons/io/FileUtilsCopyToFileTest.java
commons-io,org.apache.commons.io.function,IOStreams,Cyclically-dependent Modularization,The tool detected the smell in this class because this class participates in a cyclic dependency. The participating classes in the cycle are: IOBinaryOperator; IOComparator; Uncheck; IOBiConsumer; Constants; IORunnable; IOBiFunction; IOFunction; IOConsumer; IOStreams; IOStream; IOStreamAdapter; IOPredicate; Erase; IOSupplier; IOTriConsumer; IOQuadFunction; IOTriFunction; IOBooleanSupplier; IOIntSupplier; IOLongSupplier,/data/henrique/detecting_smells_study/project/data/repositories/commons-io/src/main/java/org/apache/commons/io/function/IOStreams.java
commons-io,org.apache.commons.io.function,IOSpliterator,Cyclic Hierarchy,The tool detected the smell in this class because the class depends on one of its subclasses (creating cycle in the hierarchy). The class is dependent on the following subclass: IOSpliteratorAdapter,/data/henrique/detecting_smells_study/project/data/repositories/commons-io/src/main/java/org/apache/commons/io/function/IOSpliterator.java
commons-io,org.apache.commons.io.function,IOIterator,Cyclic Hierarchy,The tool detected the smell in this class because the class depends on one of its subclasses (creating cycle in the hierarchy). The class is dependent on the following subclass: IOIteratorAdapter,/data/henrique/detecting_smells_study/project/data/repositories/commons-io/src/main/java/org/apache/commons/io/function/IOIterator.java
commons-io,org.apache.commons.io.function,UncheckedIOIterator,Unutilized Abstraction,The tool detected the smell in this class because this class is potentially unused. (Please ignore the smell if the reported class is auto-generated and/or used to serve a specific known purpose.),/data/henrique/detecting_smells_study/project/data/repositories/commons-io/src/main/java/org/apache/commons/io/function/UncheckedIOIterator.java
commons-io,org.apache.commons.io.function,IOStreamAdapter,Broken Hierarchy,The tool detected a potential instance of the smell because this type does not implement or override any method from it's supertype(s): IOBaseStreamAdapter; IOStream,/data/henrique/detecting_smells_study/project/data/repositories/commons-io/src/main/java/org/apache/commons/io/function/IOStreamAdapter.java
commons-io,org.apache.commons.io.function,UncheckedIOBaseStream,Unutilized Abstraction,The tool detected the smell in this class because this class is potentially unused. (Please ignore the smell if the reported class is auto-generated and/or used to serve a specific known purpose.),/data/henrique/detecting_smells_study/project/data/repositories/commons-io/src/main/java/org/apache/commons/io/function/UncheckedIOBaseStream.java
commons-io,org.apache.commons.io.function,IOStream,Broken Hierarchy,The tool detected a potential instance of the smell because this type does not implement or override any method from it's supertype(s): IOBaseStream,/data/henrique/detecting_smells_study/project/data/repositories/commons-io/src/main/java/org/apache/commons/io/function/IOStream.java
commons-io,org.apache.commons.io.function,IOStream,Cyclic Hierarchy,The tool detected the smell in this class because the class depends on one of its subclasses (creating cycle in the hierarchy). The class is dependent on the following subclass: IOStreamAdapter,/data/henrique/detecting_smells_study/project/data/repositories/commons-io/src/main/java/org/apache/commons/io/function/IOStream.java
commons-io,org.apache.commons.io.function,IOStream,Insufficient Modularization,The tool detected the smell in this class because the class contains large number of methods. Total methods in the class: 42 methods,/data/henrique/detecting_smells_study/project/data/repositories/commons-io/src/main/java/org/apache/commons/io/function/IOStream.java
commons-io,org.apache.commons.io.function,UncheckedIOIterable,Unutilized Abstraction,The tool detected the smell in this class because this class is potentially unused. (Please ignore the smell if the reported class is auto-generated and/or used to serve a specific known purpose.),/data/henrique/detecting_smells_study/project/data/repositories/commons-io/src/main/java/org/apache/commons/io/function/UncheckedIOIterable.java
commons-io,org.apache.commons.io.function,UncheckedIOSpliterator,Unutilized Abstraction,The tool detected the smell in this class because this class is potentially unused. (Please ignore the smell if the reported class is auto-generated and/or used to serve a specific known purpose.),/data/henrique/detecting_smells_study/project/data/repositories/commons-io/src/main/java/org/apache/commons/io/function/UncheckedIOSpliterator.java
commons-io,org.apache.commons.io.function,IOFunctionTest.Holder,Unnecessary Abstraction,The tool detected the smell in this class because the class contains only a few data members without any method implementation that indicates that the abstraction might not be required. Following fields are declared in this class: value,/data/henrique/detecting_smells_study/project/data/repositories/commons-io/src/test/java/org/apache/commons/io/function/IOFunctionTest.java
commons-io,org.apache.commons.io.function,PathStream,Unutilized Abstraction,The tool detected the smell in this class because this class is potentially unused. (Please ignore the smell if the reported class is auto-generated and/or used to serve a specific known purpose.),/data/henrique/detecting_smells_study/project/data/repositories/commons-io/src/test/java/org/apache/commons/io/function/PathStream.java
commons-io,org.apache.commons.io.function,PathBaseStream,Unutilized Abstraction,The tool detected the smell in this class because this class is potentially unused. (Please ignore the smell if the reported class is auto-generated and/or used to serve a specific known purpose.),/data/henrique/detecting_smells_study/project/data/repositories/commons-io/src/test/java/org/apache/commons/io/function/PathBaseStream.java
commons-io,org.apache.commons.io.function,IOIterableTest.Fixture,Unnecessary Abstraction,The tool detected the smell in this class because the class contains only a few data members without any method implementation that indicates that the abstraction might not be required. Following fields are declared in this class: list,/data/henrique/detecting_smells_study/project/data/repositories/commons-io/src/test/java/org/apache/commons/io/function/IOIterableTest.java
commons-io,org.apache.commons.io.function,IOBaseStreamTest.IOBaseStreamFixture,Unnecessary Abstraction,The tool detected the smell in this class because the class contains only a few data members without any method implementation that indicates that the abstraction might not be required. Following fields are declared in this class: baseStream,/data/henrique/detecting_smells_study/project/data/repositories/commons-io/src/test/java/org/apache/commons/io/function/IOBaseStreamTest.java
commons-io,org.apache.commons.io.function,IOBaseStreamTest.IOBaseStreamPathFixture,Unnecessary Abstraction,The tool detected the smell in this class because the class contains only a few data members without any method implementation that indicates that the abstraction might not be required. Following fields are declared in this class: ,/data/henrique/detecting_smells_study/project/data/repositories/commons-io/src/test/java/org/apache/commons/io/function/IOBaseStreamTest.java
commons-io,org.apache.commons.io.function,IOBaseStreamTest.MyRuntimeException,Unnecessary Abstraction,The tool detected the smell in this class because the class contains only a few data members without any method implementation that indicates that the abstraction might not be required. Following fields are declared in this class: serialVersionUID,/data/henrique/detecting_smells_study/project/data/repositories/commons-io/src/test/java/org/apache/commons/io/function/IOBaseStreamTest.java
commons-io,org.apache.commons.io.function,IOIntStreamAdapter,Unutilized Abstraction,The tool detected the smell in this class because this class is potentially unused. (Please ignore the smell if the reported class is auto-generated and/or used to serve a specific known purpose.),/data/henrique/detecting_smells_study/project/data/repositories/commons-io/src/test/java/org/apache/commons/io/function/IOIntStreamAdapter.java
commons-io,org.apache.commons.io.function,IOIntStreamAdapter,Broken Hierarchy,The tool detected a potential instance of the smell because this type does not implement or override any method from it's supertype(s): IOBaseStreamAdapter; IOIntStream,/data/henrique/detecting_smells_study/project/data/repositories/commons-io/src/test/java/org/apache/commons/io/function/IOIntStreamAdapter.java
commons-io,org.apache.commons.io.input,MessageDigestCalculatingInputStream,Broken Hierarchy,The tool detected a potential instance of the smell because this type does not implement or override any method from it's supertype(s): ObservableInputStream,/data/henrique/detecting_smells_study/project/data/repositories/commons-io/src/main/java/org/apache/commons/io/input/MessageDigestCalculatingInputStream.java
commons-io,org.apache.commons.io.input,MessageDigestCalculatingInputStream.Builder,Unnecessary Abstraction,The tool detected the smell in this class because the class contains only a few data members without any method implementation that indicates that the abstraction might not be required. Following fields are declared in this class: messageDigest,/data/henrique/detecting_smells_study/project/data/repositories/commons-io/src/main/java/org/apache/commons/io/input/MessageDigestCalculatingInputStream.java
commons-io,org.apache.commons.io.input,MessageDigestCalculatingInputStream.MessageDigestMaintainingObserver,Unnecessary Abstraction,The tool detected the smell in this class because the class contains only a few data members without any method implementation that indicates that the abstraction might not be required. Following fields are declared in this class: messageDigest,/data/henrique/detecting_smells_study/project/data/repositories/commons-io/src/main/java/org/apache/commons/io/input/MessageDigestCalculatingInputStream.java
commons-io,org.apache.commons.io.input,MessageDigestCalculatingInputStream.MessageDigestMaintainingObserver,Unutilized Abstraction,The tool detected the smell in this class because this class is potentially unused. (Please ignore the smell if the reported class is auto-generated and/or used to serve a specific known purpose.),/data/henrique/detecting_smells_study/project/data/repositories/commons-io/src/main/java/org/apache/commons/io/input/MessageDigestCalculatingInputStream.java
commons-io,org.apache.commons.io.input,TaggedInputStream,Broken Hierarchy,The tool detected a potential instance of the smell because this type does not implement or override any method from it's supertype(s): ProxyInputStream,/data/henrique/detecting_smells_study/project/data/repositories/commons-io/src/main/java/org/apache/commons/io/input/TaggedInputStream.java
commons-io,org.apache.commons.io.input,ObservableInputStream.AbstractBuilder,Unnecessary Abstraction,The tool detected the smell in this class because the class contains only a few data members without any method implementation that indicates that the abstraction might not be required. Following fields are declared in this class: observers,/data/henrique/detecting_smells_study/project/data/repositories/commons-io/src/main/java/org/apache/commons/io/input/ObservableInputStream.java
commons-io,org.apache.commons.io.input,ObservableInputStream.Builder,Unnecessary Abstraction,The tool detected the smell in this class because the class contains only a few data members without any method implementation that indicates that the abstraction might not be required. Following fields are declared in this class: ,/data/henrique/detecting_smells_study/project/data/repositories/commons-io/src/main/java/org/apache/commons/io/input/ObservableInputStream.java
commons-io,org.apache.commons.io.input,ObservableInputStream.Builder,Unutilized Abstraction,The tool detected the smell in this class because this class is potentially unused. (Please ignore the smell if the reported class is auto-generated and/or used to serve a specific known purpose.),/data/henrique/detecting_smells_study/project/data/repositories/commons-io/src/main/java/org/apache/commons/io/input/ObservableInputStream.java
commons-io,org.apache.commons.io.input,ObservableInputStream.Observer,Unnecessary Abstraction,The tool detected the smell in this class because the class contains only a few data members without any method implementation that indicates that the abstraction might not be required. Following fields are declared in this class: ,/data/henrique/detecting_smells_study/project/data/repositories/commons-io/src/main/java/org/apache/commons/io/input/ObservableInputStream.java
commons-io,org.apache.commons.io.input,XmlStreamReader,Deficient Encapsulation,The tool detected the smell in this class because the class exposes fields belonging to it with public accessibility. Following fields are declared with public accessiblity: nullCharset; lenient; httpContentType; UTF_8; US_ASCII; UTF_16BE; UTF_16LE; UTF_32BE; UTF_32LE; UTF_16; UTF_32; EBCDIC; BOMS; XML_GUESS_BYTES; CHARSET_PATTERN; ENCODING_PATTERN; RAW_EX_1; RAW_EX_2; HTTP_EX_1; HTTP_EX_2; HTTP_EX_3; reader; encoding; defaultEncoding,/data/henrique/detecting_smells_study/project/data/repositories/commons-io/src/main/java/org/apache/commons/io/input/XmlStreamReader.java
commons-io,org.apache.commons.io.input,XmlStreamReader.Builder,Unnecessary Abstraction,The tool detected the smell in this class because the class contains only a few data members without any method implementation that indicates that the abstraction might not be required. Following fields are declared in this class: nullCharset; lenient; httpContentType,/data/henrique/detecting_smells_study/project/data/repositories/commons-io/src/main/java/org/apache/commons/io/input/XmlStreamReader.java
commons-io,org.apache.commons.io.input,CharSequenceInputStream.Builder,Unnecessary Abstraction,The tool detected the smell in this class because the class contains only a few data members without any method implementation that indicates that the abstraction might not be required. Following fields are declared in this class: charsetEncoder,/data/henrique/detecting_smells_study/project/data/repositories/commons-io/src/main/java/org/apache/commons/io/input/CharSequenceInputStream.java
commons-io,org.apache.commons.io.input,ReaderInputStream.Builder,Unnecessary Abstraction,The tool detected the smell in this class because the class contains only a few data members without any method implementation that indicates that the abstraction might not be required. Following fields are declared in this class: charsetEncoder,/data/henrique/detecting_smells_study/project/data/repositories/commons-io/src/main/java/org/apache/commons/io/input/ReaderInputStream.java
commons-io,org.apache.commons.io.input,MemoryMappedFileInputStream.Builder,Unnecessary Abstraction,The tool detected the smell in this class because the class contains only a few data members without any method implementation that indicates that the abstraction might not be required. Following fields are declared in this class: ,/data/henrique/detecting_smells_study/project/data/repositories/commons-io/src/main/java/org/apache/commons/io/input/MemoryMappedFileInputStream.java
commons-io,org.apache.commons.io.input,ReversedLinesFileReader.Builder,Unnecessary Abstraction,The tool detected the smell in this class because the class contains only a few data members without any method implementation that indicates that the abstraction might not be required. Following fields are declared in this class: ,/data/henrique/detecting_smells_study/project/data/repositories/commons-io/src/main/java/org/apache/commons/io/input/ReversedLinesFileReader.java
commons-io,org.apache.commons.io.input,ReversedLinesFileReader.FilePart,Unnecessary Abstraction,The tool detected the smell in this class because the class contains only a few data members without any method implementation that indicates that the abstraction might not be required. Following fields are declared in this class: partNumber; data; leftOver; currentLastBytePos,/data/henrique/detecting_smells_study/project/data/repositories/commons-io/src/main/java/org/apache/commons/io/input/ReversedLinesFileReader.java
commons-io,org.apache.commons.io.input,Tailer,Cyclically-dependent Modularization,The tool detected the smell in this class because this class participates in a cyclic dependency. The participating classes in the cycle are: Tailer; TailerListener; Tailer.Builder,/data/henrique/detecting_smells_study/project/data/repositories/commons-io/src/main/java/org/apache/commons/io/input/Tailer.java
commons-io,org.apache.commons.io.input,Tailer,Insufficient Modularization,The tool detected the smell in this class becuase the class has bloated interface (large number of public methods). Total public methods in the class: 22 public methods,/data/henrique/detecting_smells_study/project/data/repositories/commons-io/src/main/java/org/apache/commons/io/input/Tailer.java
commons-io,org.apache.commons.io.input,Tailer.Builder,Broken Modularization,The tool detected the smell in this class because it contains only data members without any method implementation. Following fields are declared in this class: DEFAULT_DELAY_DURATION; tailable; tailerListener; delayDuration; tailFromEnd; reOpen; startThread; ignoreTouch; executorService,/data/henrique/detecting_smells_study/project/data/repositories/commons-io/src/main/java/org/apache/commons/io/input/Tailer.java
commons-io,org.apache.commons.io.input,Tailer.RandomAccessFileBridge,Unnecessary Abstraction,The tool detected the smell in this class because the class contains only a few data members without any method implementation that indicates that the abstraction might not be required. Following fields are declared in this class: randomAccessFile,/data/henrique/detecting_smells_study/project/data/repositories/commons-io/src/main/java/org/apache/commons/io/input/Tailer.java
commons-io,org.apache.commons.io.input,Tailer.RandomAccessFileBridge,Unutilized Abstraction,The tool detected the smell in this class because this class is potentially unused. (Please ignore the smell if the reported class is auto-generated and/or used to serve a specific known purpose.),/data/henrique/detecting_smells_study/project/data/repositories/commons-io/src/main/java/org/apache/commons/io/input/Tailer.java
commons-io,org.apache.commons.io.input,Tailer.TailablePath,Unnecessary Abstraction,The tool detected the smell in this class because the class contains only a few data members without any method implementation that indicates that the abstraction might not be required. Following fields are declared in this class: path; linkOptions,/data/henrique/detecting_smells_study/project/data/repositories/commons-io/src/main/java/org/apache/commons/io/input/Tailer.java
commons-io,org.apache.commons.io.input,Tailer.TailablePath,Unutilized Abstraction,The tool detected the smell in this class because this class is potentially unused. (Please ignore the smell if the reported class is auto-generated and/or used to serve a specific known purpose.),/data/henrique/detecting_smells_study/project/data/repositories/commons-io/src/main/java/org/apache/commons/io/input/Tailer.java
commons-io,org.apache.commons.io.input,UnsynchronizedFilterInputStream.Builder,Unnecessary Abstraction,The tool detected the smell in this class because the class contains only a few data members without any method implementation that indicates that the abstraction might not be required. Following fields are declared in this class: ,/data/henrique/detecting_smells_study/project/data/repositories/commons-io/src/main/java/org/apache/commons/io/input/UnsynchronizedFilterInputStream.java
commons-io,org.apache.commons.io.input,BOMInputStream.Builder,Unnecessary Abstraction,The tool detected the smell in this class because the class contains only a few data members without any method implementation that indicates that the abstraction might not be required. Following fields are declared in this class: DEFAULT; byteOrderMarks; include,/data/henrique/detecting_smells_study/project/data/repositories/commons-io/src/main/java/org/apache/commons/io/input/BOMInputStream.java
commons-io,org.apache.commons.io.input,BrokenReader,Deficient Encapsulation,The tool detected the smell in this class because the class exposes fields belonging to it with public accessibility. Following fields are declared with public accessiblity: INSTANCE; exceptionSupplier,/data/henrique/detecting_smells_study/project/data/repositories/commons-io/src/main/java/org/apache/commons/io/input/BrokenReader.java
commons-io,org.apache.commons.io.input,UncheckedFilterReader.Builder,Unnecessary Abstraction,The tool detected the smell in this class because the class contains only a few data members without any method implementation that indicates that the abstraction might not be required. Following fields are declared in this class: ,/data/henrique/detecting_smells_study/project/data/repositories/commons-io/src/main/java/org/apache/commons/io/input/UncheckedFilterReader.java
commons-io,org.apache.commons.io.input,BoundedInputStream,Cyclically-dependent Modularization,The tool detected the smell in this class because this class participates in a cyclic dependency. The participating classes in the cycle are: UnsynchronizedByteArrayOutputStream; UnsynchronizedByteArrayInputStream; IOUtils; QueueInputStream; QueueOutputStream; BoundedInputStream; ProxyInputStream; LineIterator; ByteArrayOutputStream; NullOutputStream; NullWriter,/data/henrique/detecting_smells_study/project/data/repositories/commons-io/src/main/java/org/apache/commons/io/input/BoundedInputStream.java
commons-io,org.apache.commons.io.input,BoundedInputStream.AbstractBuilder,Unnecessary Abstraction,The tool detected the smell in this class because the class contains only a few data members without any method implementation that indicates that the abstraction might not be required. Following fields are declared in this class: count; maxCount; onMaxCount; propagateClose,/data/henrique/detecting_smells_study/project/data/repositories/commons-io/src/main/java/org/apache/commons/io/input/BoundedInputStream.java
commons-io,org.apache.commons.io.input,BoundedInputStream.AbstractBuilder,Unutilized Abstraction,The tool detected the smell in this class because this class is potentially unused. (Please ignore the smell if the reported class is auto-generated and/or used to serve a specific known purpose.),/data/henrique/detecting_smells_study/project/data/repositories/commons-io/src/main/java/org/apache/commons/io/input/BoundedInputStream.java
commons-io,org.apache.commons.io.input,BoundedInputStream.Builder,Unnecessary Abstraction,The tool detected the smell in this class because the class contains only a few data members without any method implementation that indicates that the abstraction might not be required. Following fields are declared in this class: ,/data/henrique/detecting_smells_study/project/data/repositories/commons-io/src/main/java/org/apache/commons/io/input/BoundedInputStream.java
commons-io,org.apache.commons.io.input,NullInputStream,Deficient Encapsulation,The tool detected the smell in this class because the class exposes fields belonging to it with public accessibility. Following fields are declared with public accessiblity: INSTANCE; size; position; mark; readLimit; throwEofException; markSupported,/data/henrique/detecting_smells_study/project/data/repositories/commons-io/src/main/java/org/apache/commons/io/input/NullInputStream.java
commons-io,org.apache.commons.io.input,UncheckedBufferedReader.Builder,Unnecessary Abstraction,The tool detected the smell in this class because the class contains only a few data members without any method implementation that indicates that the abstraction might not be required. Following fields are declared in this class: ,/data/henrique/detecting_smells_study/project/data/repositories/commons-io/src/main/java/org/apache/commons/io/input/UncheckedBufferedReader.java
commons-io,org.apache.commons.io.input,InfiniteCircularInputStream,Broken Hierarchy,The tool detected a potential instance of the smell because this type does not implement or override any method from it's supertype(s): CircularInputStream,/data/henrique/detecting_smells_study/project/data/repositories/commons-io/src/main/java/org/apache/commons/io/input/InfiniteCircularInputStream.java
commons-io,org.apache.commons.io.input,ThrottledInputStream,Broken Hierarchy,The tool detected a potential instance of the smell because this type does not implement or override any method from it's supertype(s): CountingInputStream,/data/henrique/detecting_smells_study/project/data/repositories/commons-io/src/main/java/org/apache/commons/io/input/ThrottledInputStream.java
commons-io,org.apache.commons.io.input,ThrottledInputStream.Builder,Unnecessary Abstraction,The tool detected the smell in this class because the class contains only a few data members without any method implementation that indicates that the abstraction might not be required. Following fields are declared in this class: maxBytesPerSecond,/data/henrique/detecting_smells_study/project/data/repositories/commons-io/src/main/java/org/apache/commons/io/input/ThrottledInputStream.java
commons-io,org.apache.commons.io.input,ByteBufferCleaner.Java8Cleaner,Unnecessary Abstraction,The tool detected the smell in this class because the class contains only a few data members without any method implementation that indicates that the abstraction might not be required. Following fields are declared in this class: cleanerMethod; cleanMethod,/data/henrique/detecting_smells_study/project/data/repositories/commons-io/src/main/java/org/apache/commons/io/input/ByteBufferCleaner.java
commons-io,org.apache.commons.io.input,ByteBufferCleaner.Java8Cleaner,Unutilized Abstraction,The tool detected the smell in this class because this class is potentially unused. (Please ignore the smell if the reported class is auto-generated and/or used to serve a specific known purpose.),/data/henrique/detecting_smells_study/project/data/repositories/commons-io/src/main/java/org/apache/commons/io/input/ByteBufferCleaner.java
commons-io,org.apache.commons.io.input,ByteBufferCleaner.Java9Cleaner,Unnecessary Abstraction,The tool detected the smell in this class because the class contains only a few data members without any method implementation that indicates that the abstraction might not be required. Following fields are declared in this class: theUnsafe; invokeCleaner,/data/henrique/detecting_smells_study/project/data/repositories/commons-io/src/main/java/org/apache/commons/io/input/ByteBufferCleaner.java
commons-io,org.apache.commons.io.input,ByteBufferCleaner.Java9Cleaner,Unutilized Abstraction,The tool detected the smell in this class because this class is potentially unused. (Please ignore the smell if the reported class is auto-generated and/or used to serve a specific known purpose.),/data/henrique/detecting_smells_study/project/data/repositories/commons-io/src/main/java/org/apache/commons/io/input/ByteBufferCleaner.java
commons-io,org.apache.commons.io.input,ChecksumInputStream,Broken Hierarchy,The tool detected a potential instance of the smell because this type does not implement or override any method from it's supertype(s): CountingInputStream,/data/henrique/detecting_smells_study/project/data/repositories/commons-io/src/main/java/org/apache/commons/io/input/ChecksumInputStream.java
commons-io,org.apache.commons.io.input,ChecksumInputStream.Builder,Unnecessary Abstraction,The tool detected the smell in this class because the class contains only a few data members without any method implementation that indicates that the abstraction might not be required. Following fields are declared in this class: checksum; countThreshold; expectedChecksumValue,/data/henrique/detecting_smells_study/project/data/repositories/commons-io/src/main/java/org/apache/commons/io/input/ChecksumInputStream.java
commons-io,org.apache.commons.io.input,CharacterSetFilterReader,Broken Hierarchy,The tool detected a potential instance of the smell because this type does not implement or override any method from it's supertype(s): AbstractCharacterFilterReader,/data/henrique/detecting_smells_study/project/data/repositories/commons-io/src/main/java/org/apache/commons/io/input/CharacterSetFilterReader.java
commons-io,org.apache.commons.io.input,RandomAccessFileInputStream.Builder,Unnecessary Abstraction,The tool detected the smell in this class because the class contains only a few data members without any method implementation that indicates that the abstraction might not be required. Following fields are declared in this class: propagateClose,/data/henrique/detecting_smells_study/project/data/repositories/commons-io/src/main/java/org/apache/commons/io/input/RandomAccessFileInputStream.java
commons-io,org.apache.commons.io.input,BrokenInputStream,Deficient Encapsulation,The tool detected the smell in this class because the class exposes fields belonging to it with public accessibility. Following fields are declared with public accessiblity: INSTANCE; exceptionSupplier,/data/henrique/detecting_smells_study/project/data/repositories/commons-io/src/main/java/org/apache/commons/io/input/BrokenInputStream.java
commons-io,org.apache.commons.io.input,MessageDigestInputStream,Broken Hierarchy,The tool detected a potential instance of the smell because this type does not implement or override any method from it's supertype(s): ObservableInputStream,/data/henrique/detecting_smells_study/project/data/repositories/commons-io/src/main/java/org/apache/commons/io/input/MessageDigestInputStream.java
commons-io,org.apache.commons.io.input,MessageDigestInputStream.Builder,Unnecessary Abstraction,The tool detected the smell in this class because the class contains only a few data members without any method implementation that indicates that the abstraction might not be required. Following fields are declared in this class: messageDigest,/data/henrique/detecting_smells_study/project/data/repositories/commons-io/src/main/java/org/apache/commons/io/input/MessageDigestInputStream.java
commons-io,org.apache.commons.io.input,MessageDigestInputStream.MessageDigestMaintainingObserver,Unnecessary Abstraction,The tool detected the smell in this class because the class contains only a few data members without any method implementation that indicates that the abstraction might not be required. Following fields are declared in this class: messageDigest,/data/henrique/detecting_smells_study/project/data/repositories/commons-io/src/main/java/org/apache/commons/io/input/MessageDigestInputStream.java
commons-io,org.apache.commons.io.input,MessageDigestInputStream.MessageDigestMaintainingObserver,Unutilized Abstraction,The tool detected the smell in this class because this class is potentially unused. (Please ignore the smell if the reported class is auto-generated and/or used to serve a specific known purpose.),/data/henrique/detecting_smells_study/project/data/repositories/commons-io/src/main/java/org/apache/commons/io/input/MessageDigestInputStream.java
commons-io,org.apache.commons.io.input,TaggedReader,Broken Hierarchy,The tool detected a potential instance of the smell because this type does not implement or override any method from it's supertype(s): ProxyReader,/data/henrique/detecting_smells_study/project/data/repositories/commons-io/src/main/java/org/apache/commons/io/input/TaggedReader.java
commons-io,org.apache.commons.io.input,BufferedFileChannelInputStream.Builder,Unnecessary Abstraction,The tool detected the smell in this class because the class contains only a few data members without any method implementation that indicates that the abstraction might not be required. Following fields are declared in this class: fileChannel,/data/henrique/detecting_smells_study/project/data/repositories/commons-io/src/main/java/org/apache/commons/io/input/BufferedFileChannelInputStream.java
commons-io,org.apache.commons.io.input,ClosedInputStream,Deficient Encapsulation,The tool detected the smell in this class because the class exposes fields belonging to it with public accessibility. Following fields are declared with public accessiblity: INSTANCE; CLOSED_INPUT_STREAM,/data/henrique/detecting_smells_study/project/data/repositories/commons-io/src/main/java/org/apache/commons/io/input/ClosedInputStream.java
commons-io,org.apache.commons.io.input,ClosedReader,Deficient Encapsulation,The tool detected the smell in this class because the class exposes fields belonging to it with public accessibility. Following fields are declared with public accessiblity: INSTANCE; CLOSED_READER,/data/henrique/detecting_smells_study/project/data/repositories/commons-io/src/main/java/org/apache/commons/io/input/ClosedReader.java
commons-io,org.apache.commons.io.input,ProxyInputStream,Wide Hierarchy,The tool detected the smell in this class because the number of children for the class is large. This class has following sub-classes: TaggedInputStream; ObservableInputStream; CloseShieldInputStream; TeeInputStream; BOMInputStream; BoundedInputStream; CountingInputStream; MarkShieldInputStream; SwappedDataInputStream; AutoCloseInputStream; ProxyInputStreamTest.ProxyInputStreamFixture; MarkShieldInputStreamTest.MarkTestableInputStream; ThrowOnCloseInputStream,/data/henrique/detecting_smells_study/project/data/repositories/commons-io/src/main/java/org/apache/commons/io/input/ProxyInputStream.java
commons-io,org.apache.commons.io.input,ProxyInputStream.AbstractBuilder,Unnecessary Abstraction,The tool detected the smell in this class because the class contains only a few data members without any method implementation that indicates that the abstraction might not be required. Following fields are declared in this class: afterRead,/data/henrique/detecting_smells_study/project/data/repositories/commons-io/src/main/java/org/apache/commons/io/input/ProxyInputStream.java
commons-io,org.apache.commons.io.input,UnsynchronizedBufferedInputStream.Builder,Unnecessary Abstraction,The tool detected the smell in this class because the class contains only a few data members without any method implementation that indicates that the abstraction might not be required. Following fields are declared in this class: ,/data/henrique/detecting_smells_study/project/data/repositories/commons-io/src/main/java/org/apache/commons/io/input/UnsynchronizedBufferedInputStream.java
commons-io,org.apache.commons.io.input,SwappedDataInputStream,Broken Hierarchy,The tool detected a potential instance of the smell because this type does not implement or override any method from it's supertype(s): ProxyInputStream,/data/henrique/detecting_smells_study/project/data/repositories/commons-io/src/main/java/org/apache/commons/io/input/SwappedDataInputStream.java
commons-io,org.apache.commons.io.input,UncheckedFilterInputStream.Builder,Unnecessary Abstraction,The tool detected the smell in this class because the class contains only a few data members without any method implementation that indicates that the abstraction might not be required. Following fields are declared in this class: ,/data/henrique/detecting_smells_study/project/data/repositories/commons-io/src/main/java/org/apache/commons/io/input/UncheckedFilterInputStream.java
commons-io,org.apache.commons.io.input,ReadAheadInputStream.Builder,Unnecessary Abstraction,The tool detected the smell in this class because the class contains only a few data members without any method implementation that indicates that the abstraction might not be required. Following fields are declared in this class: executorService,/data/henrique/detecting_smells_study/project/data/repositories/commons-io/src/main/java/org/apache/commons/io/input/ReadAheadInputStream.java
commons-io,org.apache.commons.io.input,AutoCloseInputStream.Builder,Unnecessary Abstraction,The tool detected the smell in this class because the class contains only a few data members without any method implementation that indicates that the abstraction might not be required. Following fields are declared in this class: ,/data/henrique/detecting_smells_study/project/data/repositories/commons-io/src/main/java/org/apache/commons/io/input/AutoCloseInputStream.java
commons-io,org.apache.commons.io.input,CharacterFilterReader,Broken Hierarchy,The tool detected a potential instance of the smell because this type does not implement or override any method from it's supertype(s): AbstractCharacterFilterReader,/data/henrique/detecting_smells_study/project/data/repositories/commons-io/src/main/java/org/apache/commons/io/input/CharacterFilterReader.java
commons-io,org.apache.commons.io.input,UnsynchronizedByteArrayInputStream,Deficient Encapsulation,The tool detected the smell in this class because the class exposes fields belonging to it with public accessibility. Following fields are declared with public accessiblity: offset; length; END_OF_STREAM; data; eod; offset; markedOffset,/data/henrique/detecting_smells_study/project/data/repositories/commons-io/src/main/java/org/apache/commons/io/input/UnsynchronizedByteArrayInputStream.java
commons-io,org.apache.commons.io.input,UnsynchronizedByteArrayInputStream.Builder,Unnecessary Abstraction,The tool detected the smell in this class because the class contains only a few data members without any method implementation that indicates that the abstraction might not be required. Following fields are declared in this class: offset; length,/data/henrique/detecting_smells_study/project/data/repositories/commons-io/src/main/java/org/apache/commons/io/input/UnsynchronizedByteArrayInputStream.java
commons-io,org.apache.commons.io.input,QueueInputStream.Builder,Unnecessary Abstraction,The tool detected the smell in this class because the class contains only a few data members without any method implementation that indicates that the abstraction might not be required. Following fields are declared in this class: blockingQueue; timeout,/data/henrique/detecting_smells_study/project/data/repositories/commons-io/src/main/java/org/apache/commons/io/input/QueueInputStream.java
commons-io,org.apache.commons.io.input,NullReader,Deficient Encapsulation,The tool detected the smell in this class because the class exposes fields belonging to it with public accessibility. Following fields are declared with public accessiblity: INSTANCE; size; throwEofException; markSupported; position; mark; readLimit; eof,/data/henrique/detecting_smells_study/project/data/repositories/commons-io/src/main/java/org/apache/commons/io/input/NullReader.java
commons-io,org.apache.commons.io.input,BOMInputStreamTest.ExpectCloseInputStream,Unnecessary Abstraction,The tool detected the smell in this class because the class contains only a few data members without any method implementation that indicates that the abstraction might not be required. Following fields are declared in this class: closed,/data/henrique/detecting_smells_study/project/data/repositories/commons-io/src/test/java/org/apache/commons/io/input/BOMInputStreamTest.java
commons-io,org.apache.commons.io.input,ProxyInputStreamTest.ProxyInputStreamFixture,Unnecessary Abstraction,The tool detected the smell in this class because the class contains only a few data members without any method implementation that indicates that the abstraction might not be required. Following fields are declared in this class: ,/data/henrique/detecting_smells_study/project/data/repositories/commons-io/src/test/java/org/apache/commons/io/input/ProxyInputStreamTest.java
commons-io,org.apache.commons.io.input,ProxyInputStreamTest.Builder,Unnecessary Abstraction,The tool detected the smell in this class because the class contains only a few data members without any method implementation that indicates that the abstraction might not be required. Following fields are declared in this class: ,/data/henrique/detecting_smells_study/project/data/repositories/commons-io/src/test/java/org/apache/commons/io/input/ProxyInputStreamTest.java
commons-io,org.apache.commons.io.input,ProxyInputStreamTest.Builder,Unutilized Abstraction,The tool detected the smell in this class because this class is potentially unused. (Please ignore the smell if the reported class is auto-generated and/or used to serve a specific known purpose.),/data/henrique/detecting_smells_study/project/data/repositories/commons-io/src/test/java/org/apache/commons/io/input/ProxyInputStreamTest.java
commons-io,org.apache.commons.io.input,ObservableInputStreamTest.DataViewObserver,Unnecessary Abstraction,The tool detected the smell in this class because the class contains only a few data members without any method implementation that indicates that the abstraction might not be required. Following fields are declared in this class: buffer; lastValue; length; offset,/data/henrique/detecting_smells_study/project/data/repositories/commons-io/src/test/java/org/apache/commons/io/input/ObservableInputStreamTest.java
commons-io,org.apache.commons.io.input,ObservableInputStreamTest.LengthObserver,Unnecessary Abstraction,The tool detected the smell in this class because the class contains only a few data members without any method implementation that indicates that the abstraction might not be required. Following fields are declared in this class: total,/data/henrique/detecting_smells_study/project/data/repositories/commons-io/src/test/java/org/apache/commons/io/input/ObservableInputStreamTest.java
commons-io,org.apache.commons.io.input,ObservableInputStreamTest.MethodCountObserver,Unnecessary Abstraction,The tool detected the smell in this class because the class contains only a few data members without any method implementation that indicates that the abstraction might not be required. Following fields are declared in this class: closedCount; dataBufferCount; dataCount; errorCount; finishedCount,/data/henrique/detecting_smells_study/project/data/repositories/commons-io/src/test/java/org/apache/commons/io/input/ObservableInputStreamTest.java
commons-io,org.apache.commons.io.input,ObservableInputStreamTest.MethodCountObserver,Broken Modularization,The tool detected the smell in this class because it contains only data members without any method implementation. Following fields are declared in this class: closedCount; dataBufferCount; dataCount; errorCount; finishedCount,/data/henrique/detecting_smells_study/project/data/repositories/commons-io/src/test/java/org/apache/commons/io/input/ObservableInputStreamTest.java
commons-io,org.apache.commons.io.input,ReadAheadInputStreamTest,Unutilized Abstraction,The tool detected the smell in this class because this class is potentially unused. (Please ignore the smell if the reported class is auto-generated and/or used to serve a specific known purpose.),/data/henrique/detecting_smells_study/project/data/repositories/commons-io/src/test/java/org/apache/commons/io/input/ReadAheadInputStreamTest.java
commons-io,org.apache.commons.io.input,ReadAheadInputStreamTest,Broken Hierarchy,The tool detected a potential instance of the smell because this type does not implement or override any method from it's supertype(s): AbstractInputStreamTest,/data/henrique/detecting_smells_study/project/data/repositories/commons-io/src/test/java/org/apache/commons/io/input/ReadAheadInputStreamTest.java
commons-io,org.apache.commons.io.input,TailerTest.NonStandardTailable,Unnecessary Abstraction,The tool detected the smell in this class because the class contains only a few data members without any method implementation that indicates that the abstraction might not be required. Following fields are declared in this class: file; randomAccessFile,/data/henrique/detecting_smells_study/project/data/repositories/commons-io/src/test/java/org/apache/commons/io/input/TailerTest.java
commons-io,org.apache.commons.io.input,TailerTest.TestTailerListener,Broken Modularization,The tool detected the smell in this class because it contains only data members without any method implementation. Following fields are declared in this class: lines; latch; exception; notFound; rotated; initialized; reachedEndOfFile,/data/henrique/detecting_smells_study/project/data/repositories/commons-io/src/test/java/org/apache/commons/io/input/TailerTest.java
commons-io,org.apache.commons.io.input,XmlStreamReaderUtilitiesTest.MockXmlStreamReader,Unnecessary Abstraction,The tool detected the smell in this class because the class contains only a few data members without any method implementation that indicates that the abstraction might not be required. Following fields are declared in this class: ,/data/henrique/detecting_smells_study/project/data/repositories/commons-io/src/test/java/org/apache/commons/io/input/XmlStreamReaderUtilitiesTest.java
commons-io,org.apache.commons.io.input,NullReaderTest.TestNullReader,Unnecessary Abstraction,The tool detected the smell in this class because the class contains only a few data members without any method implementation that indicates that the abstraction might not be required. Following fields are declared in this class: ,/data/henrique/detecting_smells_study/project/data/repositories/commons-io/src/test/java/org/apache/commons/io/input/NullReaderTest.java
commons-io,org.apache.commons.io.input,MarkShieldInputStreamTest.MarkTestableInputStream,Unnecessary Abstraction,The tool detected the smell in this class because the class contains only a few data members without any method implementation that indicates that the abstraction might not be required. Following fields are declared in this class: markcount; readLimit,/data/henrique/detecting_smells_study/project/data/repositories/commons-io/src/test/java/org/apache/commons/io/input/MarkShieldInputStreamTest.java
commons-io,org.apache.commons.io.input,ClassLoaderObjectInputStreamTest.E,Unnecessary Abstraction,The tool detected the smell in this class because the class contains only a few data members without any method implementation that indicates that the abstraction might not be required. Following fields are declared in this class: ,/data/henrique/detecting_smells_study/project/data/repositories/commons-io/src/test/java/org/apache/commons/io/input/ClassLoaderObjectInputStreamTest.java
commons-io,org.apache.commons.io.input,ClassLoaderObjectInputStreamTest.TestFixture,Unnecessary Abstraction,The tool detected the smell in this class because the class contains only a few data members without any method implementation that indicates that the abstraction might not be required. Following fields are declared in this class: serialVersionUID; i; o; e,/data/henrique/detecting_smells_study/project/data/repositories/commons-io/src/test/java/org/apache/commons/io/input/ClassLoaderObjectInputStreamTest.java
commons-io,org.apache.commons.io.input,ProxyReaderTest.CustomNullReader,Unnecessary Abstraction,The tool detected the smell in this class because the class contains only a few data members without any method implementation that indicates that the abstraction might not be required. Following fields are declared in this class: ,/data/henrique/detecting_smells_study/project/data/repositories/commons-io/src/test/java/org/apache/commons/io/input/ProxyReaderTest.java
commons-io,org.apache.commons.io.input,ProxyReaderTest.CustomNullReader,Unutilized Abstraction,The tool detected the smell in this class because this class is potentially unused. (Please ignore the smell if the reported class is auto-generated and/or used to serve a specific known purpose.),/data/henrique/detecting_smells_study/project/data/repositories/commons-io/src/test/java/org/apache/commons/io/input/ProxyReaderTest.java
commons-io,org.apache.commons.io.input,ProxyReaderTest.ProxyReaderImpl,Unnecessary Abstraction,The tool detected the smell in this class because the class contains only a few data members without any method implementation that indicates that the abstraction might not be required. Following fields are declared in this class: ,/data/henrique/detecting_smells_study/project/data/repositories/commons-io/src/test/java/org/apache/commons/io/input/ProxyReaderTest.java
commons-io,org.apache.commons.io.input,ReversedLinesFileReaderParamFileTest,Unutilized Abstraction,The tool detected the smell in this class because this class is potentially unused. (Please ignore the smell if the reported class is auto-generated and/or used to serve a specific known purpose.),/data/henrique/detecting_smells_study/project/data/repositories/commons-io/src/test/java/org/apache/commons/io/input/ReversedLinesFileReaderParamFileTest.java
commons-io,org.apache.commons.io.input,NullInputStreamTest.TestNullInputStream,Unnecessary Abstraction,The tool detected the smell in this class because the class contains only a few data members without any method implementation that indicates that the abstraction might not be required. Following fields are declared in this class: ,/data/henrique/detecting_smells_study/project/data/repositories/commons-io/src/test/java/org/apache/commons/io/input/NullInputStreamTest.java
commons-io,org.apache.commons.io.input,SequenceReaderTest.CustomReader,Unnecessary Abstraction,The tool detected the smell in this class because the class contains only a few data members without any method implementation that indicates that the abstraction might not be required. Following fields are declared in this class: closed,/data/henrique/detecting_smells_study/project/data/repositories/commons-io/src/test/java/org/apache/commons/io/input/SequenceReaderTest.java
commons-io,org.apache.commons.io.input.buffer,PeekableInputStream,Broken Hierarchy,The tool detected a potential instance of the smell because this type does not implement or override any method from it's supertype(s): CircularBufferInputStream,/data/henrique/detecting_smells_study/project/data/repositories/commons-io/src/main/java/org/apache/commons/io/input/buffer/PeekableInputStream.java
commons-io,org.apache.commons.io.file,FilesUncheck,Insufficient Modularization,The tool detected the smell in this class becuase the class has bloated interface (large number of public methods). Total public methods in the class: 56 public methods,/data/henrique/detecting_smells_study/project/data/repositories/commons-io/src/main/java/org/apache/commons/io/file/FilesUncheck.java
commons-io,org.apache.commons.io.file,SimplePathVisitor,Broken Hierarchy,The tool detected a potential instance of the smell because this type does not implement or override any method from it's supertype(s): PathVisitor,/data/henrique/detecting_smells_study/project/data/repositories/commons-io/src/main/java/org/apache/commons/io/file/SimplePathVisitor.java
commons-io,org.apache.commons.io.file,SimplePathVisitor.AbstractBuilder,Unnecessary Abstraction,The tool detected the smell in this class because the class contains only a few data members without any method implementation that indicates that the abstraction might not be required. Following fields are declared in this class: visitFileFailedFunction,/data/henrique/detecting_smells_study/project/data/repositories/commons-io/src/main/java/org/apache/commons/io/file/SimplePathVisitor.java
commons-io,org.apache.commons.io.file,NoopPathVisitor,Deficient Encapsulation,The tool detected the smell in this class because the class exposes fields belonging to it with public accessibility. Following fields are declared with public accessiblity: INSTANCE,/data/henrique/detecting_smells_study/project/data/repositories/commons-io/src/main/java/org/apache/commons/io/file/NoopPathVisitor.java
commons-io,org.apache.commons.io.file,NoopPathVisitor,Broken Hierarchy,The tool detected a potential instance of the smell because this type does not implement or override any method from it's supertype(s): SimplePathVisitor,/data/henrique/detecting_smells_study/project/data/repositories/commons-io/src/main/java/org/apache/commons/io/file/NoopPathVisitor.java
commons-io,org.apache.commons.io.file,CountingPathVisitor,Broken Hierarchy,The tool detected a potential instance of the smell because this type does not implement or override any method from it's supertype(s): SimplePathVisitor,/data/henrique/detecting_smells_study/project/data/repositories/commons-io/src/main/java/org/apache/commons/io/file/CountingPathVisitor.java
commons-io,org.apache.commons.io.file,CountingPathVisitor.AbstractBuilder,Unnecessary Abstraction,The tool detected the smell in this class because the class contains only a few data members without any method implementation that indicates that the abstraction might not be required. Following fields are declared in this class: pathCounters; fileFilter; directoryFilter; directoryPostTransformer,/data/henrique/detecting_smells_study/project/data/repositories/commons-io/src/main/java/org/apache/commons/io/file/CountingPathVisitor.java
commons-io,org.apache.commons.io.file,CountingPathVisitor.Builder,Unnecessary Abstraction,The tool detected the smell in this class because the class contains only a few data members without any method implementation that indicates that the abstraction might not be required. Following fields are declared in this class: ,/data/henrique/detecting_smells_study/project/data/repositories/commons-io/src/main/java/org/apache/commons/io/file/CountingPathVisitor.java
commons-io,org.apache.commons.io.file,CountingPathVisitor.Builder,Unutilized Abstraction,The tool detected the smell in this class because this class is potentially unused. (Please ignore the smell if the reported class is auto-generated and/or used to serve a specific known purpose.),/data/henrique/detecting_smells_study/project/data/repositories/commons-io/src/main/java/org/apache/commons/io/file/CountingPathVisitor.java
commons-io,org.apache.commons.io.file,PathUtils,Deficient Encapsulation,The tool detected the smell in this class because the class exposes fields belonging to it with public accessibility. Following fields are declared with public accessiblity: equals; relativeFileList1; relativeFileList2; OPEN_OPTIONS_TRUNCATE; OPEN_OPTIONS_APPEND; EMPTY_COPY_OPTIONS; EMPTY_DELETE_OPTION_ARRAY; EMPTY_FILE_ATTRIBUTE_ARRAY; EMPTY_FILE_VISIT_OPTION_ARRAY; EMPTY_LINK_OPTION_ARRAY; NOFOLLOW_LINK_OPTION_ARRAY; NULL_LINK_OPTION; EMPTY_OPEN_OPTION_ARRAY; EMPTY_PATH_ARRAY,/data/henrique/detecting_smells_study/project/data/repositories/commons-io/src/main/java/org/apache/commons/io/file/PathUtils.java
commons-io,org.apache.commons.io.file,PathUtils,Cyclically-dependent Modularization,The tool detected the smell in this class because this class participates in a cyclic dependency. The participating classes in the cycle are: FileUtils; PathUtils; AccumulatorPathVisitor; SuffixFileFilter,/data/henrique/detecting_smells_study/project/data/repositories/commons-io/src/main/java/org/apache/commons/io/file/PathUtils.java
commons-io,org.apache.commons.io.file,PathUtils,Insufficient Modularization,The tool detected the smell in this class becuase the class has bloated interface (large number of public methods). Total public methods in the class: 85 public methods,/data/henrique/detecting_smells_study/project/data/repositories/commons-io/src/main/java/org/apache/commons/io/file/PathUtils.java
commons-io,org.apache.commons.io.file,PathUtils.RelativeSortedPaths,Unnecessary Abstraction,The tool detected the smell in this class because the class contains only a few data members without any method implementation that indicates that the abstraction might not be required. Following fields are declared in this class: equals; relativeFileList1; relativeFileList2,/data/henrique/detecting_smells_study/project/data/repositories/commons-io/src/main/java/org/apache/commons/io/file/PathUtils.java
commons-io,org.apache.commons.io.file,AccumulatorPathVisitor.Builder,Unnecessary Abstraction,The tool detected the smell in this class because the class contains only a few data members without any method implementation that indicates that the abstraction might not be required. Following fields are declared in this class: ,/data/henrique/detecting_smells_study/project/data/repositories/commons-io/src/main/java/org/apache/commons/io/file/AccumulatorPathVisitor.java
commons-io,org.apache.commons.io.file,StandardDeleteOption,Broken Hierarchy,The tool detected a potential instance of the smell because this type does not implement or override any method from it's supertype(s): DeleteOption,/data/henrique/detecting_smells_study/project/data/repositories/commons-io/src/main/java/org/apache/commons/io/file/StandardDeleteOption.java
commons-io,org.apache.commons.io.file,Counters,Multifaceted Abstraction,The tool detected the smell in this class because the cohesion among the methods of this class is low. LCOM of this class is: 0.8571428571428571,/data/henrique/detecting_smells_study/project/data/repositories/commons-io/src/main/java/org/apache/commons/io/file/Counters.java
commons-io,org.apache.commons.io.file,Counters.AbstractPathCounters,Unnecessary Abstraction,The tool detected the smell in this class because the class contains only a few data members without any method implementation that indicates that the abstraction might not be required. Following fields are declared in this class: byteCounter; directoryCounter; fileCounter,/data/henrique/detecting_smells_study/project/data/repositories/commons-io/src/main/java/org/apache/commons/io/file/Counters.java
commons-io,org.apache.commons.io.file,Counters.AbstractPathCounters,Unutilized Abstraction,The tool detected the smell in this class because this class is potentially unused. (Please ignore the smell if the reported class is auto-generated and/or used to serve a specific known purpose.),/data/henrique/detecting_smells_study/project/data/repositories/commons-io/src/main/java/org/apache/commons/io/file/Counters.java
commons-io,org.apache.commons.io.file,Counters.BigIntegerCounter,Unnecessary Abstraction,The tool detected the smell in this class because the class contains only a few data members without any method implementation that indicates that the abstraction might not be required. Following fields are declared in this class: value,/data/henrique/detecting_smells_study/project/data/repositories/commons-io/src/main/java/org/apache/commons/io/file/Counters.java
commons-io,org.apache.commons.io.file,Counters.BigIntegerCounter,Unutilized Abstraction,The tool detected the smell in this class because this class is potentially unused. (Please ignore the smell if the reported class is auto-generated and/or used to serve a specific known purpose.),/data/henrique/detecting_smells_study/project/data/repositories/commons-io/src/main/java/org/apache/commons/io/file/Counters.java
commons-io,org.apache.commons.io.file,Counters.BigIntegerPathCounters,Unnecessary Abstraction,The tool detected the smell in this class because the class contains only a few data members without any method implementation that indicates that the abstraction might not be required. Following fields are declared in this class: ,/data/henrique/detecting_smells_study/project/data/repositories/commons-io/src/main/java/org/apache/commons/io/file/Counters.java
commons-io,org.apache.commons.io.file,Counters.BigIntegerPathCounters,Unutilized Abstraction,The tool detected the smell in this class because this class is potentially unused. (Please ignore the smell if the reported class is auto-generated and/or used to serve a specific known purpose.),/data/henrique/detecting_smells_study/project/data/repositories/commons-io/src/main/java/org/apache/commons/io/file/Counters.java
commons-io,org.apache.commons.io.file,Counters.LongCounter,Unnecessary Abstraction,The tool detected the smell in this class because the class contains only a few data members without any method implementation that indicates that the abstraction might not be required. Following fields are declared in this class: value,/data/henrique/detecting_smells_study/project/data/repositories/commons-io/src/main/java/org/apache/commons/io/file/Counters.java
commons-io,org.apache.commons.io.file,Counters.LongCounter,Unutilized Abstraction,The tool detected the smell in this class because this class is potentially unused. (Please ignore the smell if the reported class is auto-generated and/or used to serve a specific known purpose.),/data/henrique/detecting_smells_study/project/data/repositories/commons-io/src/main/java/org/apache/commons/io/file/Counters.java
commons-io,org.apache.commons.io.file,Counters.LongPathCounters,Unnecessary Abstraction,The tool detected the smell in this class because the class contains only a few data members without any method implementation that indicates that the abstraction might not be required. Following fields are declared in this class: ,/data/henrique/detecting_smells_study/project/data/repositories/commons-io/src/main/java/org/apache/commons/io/file/Counters.java
commons-io,org.apache.commons.io.file,Counters.LongPathCounters,Unutilized Abstraction,The tool detected the smell in this class because this class is potentially unused. (Please ignore the smell if the reported class is auto-generated and/or used to serve a specific known purpose.),/data/henrique/detecting_smells_study/project/data/repositories/commons-io/src/main/java/org/apache/commons/io/file/Counters.java
commons-io,org.apache.commons.io.file,Counters.NoopCounter,Unnecessary Abstraction,The tool detected the smell in this class because the class contains only a few data members without any method implementation that indicates that the abstraction might not be required. Following fields are declared in this class: INSTANCE,/data/henrique/detecting_smells_study/project/data/repositories/commons-io/src/main/java/org/apache/commons/io/file/Counters.java
commons-io,org.apache.commons.io.file,Counters.NoopPathCounters,Unnecessary Abstraction,The tool detected the smell in this class because the class contains only a few data members without any method implementation that indicates that the abstraction might not be required. Following fields are declared in this class: INSTANCE,/data/henrique/detecting_smells_study/project/data/repositories/commons-io/src/main/java/org/apache/commons/io/file/Counters.java
commons-io,org.apache.commons.io.file,CountingPathVisitorTest,Unutilized Abstraction,The tool detected the smell in this class because this class is potentially unused. (Please ignore the smell if the reported class is auto-generated and/or used to serve a specific known purpose.),/data/henrique/detecting_smells_study/project/data/repositories/commons-io/src/test/java/org/apache/commons/io/file/CountingPathVisitorTest.java
commons-io,org.apache.commons.io.file,TempDirectory,Broken Hierarchy,The tool detected a potential instance of the smell because this type does not implement or override any method from it's supertype(s): DeletablePath,/data/henrique/detecting_smells_study/project/data/repositories/commons-io/src/test/java/org/apache/commons/io/file/TempDirectory.java
commons-io,org.apache.commons.io.file,DeletablePath,Broken Hierarchy,The tool detected a potential instance of the smell because this type does not implement or override any method from it's supertype(s): AbstractPathWrapper,/data/henrique/detecting_smells_study/project/data/repositories/commons-io/src/test/java/org/apache/commons/io/file/DeletablePath.java
commons-io,org.apache.commons.io.file,AbstractPathWrapper,Insufficient Modularization,The tool detected the smell in this class becuase the class has bloated interface (large number of public methods). Total public methods in the class: 33 public methods,/data/henrique/detecting_smells_study/project/data/repositories/commons-io/src/test/java/org/apache/commons/io/file/AbstractPathWrapper.java
commons-io,org.apache.commons.io.file,TempFile,Broken Hierarchy,The tool detected a potential instance of the smell because this type does not implement or override any method from it's supertype(s): DeletablePath,/data/henrique/detecting_smells_study/project/data/repositories/commons-io/src/test/java/org/apache/commons/io/file/TempFile.java
commons-io,org.apache.commons.io.file,PathUtilsVisitorTest,Unutilized Abstraction,The tool detected the smell in this class because this class is potentially unused. (Please ignore the smell if the reported class is auto-generated and/or used to serve a specific known purpose.),/data/henrique/detecting_smells_study/project/data/repositories/commons-io/src/test/java/org/apache/commons/io/file/PathUtilsVisitorTest.java
commons-io,org.apache.commons.io.file,CountersTest,Unutilized Abstraction,The tool detected the smell in this class because this class is potentially unused. (Please ignore the smell if the reported class is auto-generated and/or used to serve a specific known purpose.),/data/henrique/detecting_smells_study/project/data/repositories/commons-io/src/test/java/org/apache/commons/io/file/CountersTest.java
commons-io,org.apache.commons.io.file,CopyDirectoryVisitorTest,Unutilized Abstraction,The tool detected the smell in this class because this class is potentially unused. (Please ignore the smell if the reported class is auto-generated and/or used to serve a specific known purpose.),/data/henrique/detecting_smells_study/project/data/repositories/commons-io/src/test/java/org/apache/commons/io/file/CopyDirectoryVisitorTest.java
commons-io,org.apache.commons.io.file,AbstractTempDirTest,Deficient Encapsulation,The tool detected the smell in this class because the class exposes fields belonging to it with public accessibility. Following fields are declared with public accessiblity: SUB_DIR; SYMLINKED_DIR; managedTempDirPath; tempDirFile; tempDirPath,/data/henrique/detecting_smells_study/project/data/repositories/commons-io/src/test/java/org/apache/commons/io/file/AbstractTempDirTest.java
commons-io,org.apache.commons.io.file.attribute,FileTimes,Deficient Encapsulation,The tool detected the smell in this class because the class exposes fields belonging to it with public accessibility. Following fields are declared with public accessiblity: LONG_MIN_VALUE_BD; LONG_MAX_VALUE_BD; MATH_CONTEXT; EPOCH; UNIX_TO_NTFS_OFFSET; UNIX_TO_NTFS_OFFSET_BD; HUNDRED_NANOS_PER_SECOND; HUNDRED_NANOS_PER_SECOND_BD; HUNDRED_NANOS_PER_MILLISECOND; HUNDRED_NANOS_PER_MILLISECOND_BD; HUNDRED; HUNDRED_BD,/data/henrique/detecting_smells_study/project/data/repositories/commons-io/src/main/java/org/apache/commons/io/file/attribute/FileTimes.java
commons-io,org.apache.commons.io.monitor,FileEntry,Insufficient Modularization,The tool detected the smell in this class becuase the class has bloated interface (large number of public methods). Total public methods in the class: 21 public methods,/data/henrique/detecting_smells_study/project/data/repositories/commons-io/src/main/java/org/apache/commons/io/monitor/FileEntry.java
commons-io,org.apache.commons.io.monitor,FileAlterationObserver,Feature Envy,The tool detected a instance of this smell because initialize is more interested in members of the type: FileEntry,/data/henrique/detecting_smells_study/project/data/repositories/commons-io/src/main/java/org/apache/commons/io/monitor/FileAlterationObserver.java
commons-io,org.apache.commons.io.monitor,FileAlterationObserver,Cyclically-dependent Modularization,The tool detected the smell in this class because this class participates in a cyclic dependency. The participating classes in the cycle are: FileAlterationObserver; FileAlterationListener,/data/henrique/detecting_smells_study/project/data/repositories/commons-io/src/main/java/org/apache/commons/io/monitor/FileAlterationObserver.java
commons-io,org.apache.commons.io.monitor,FileAlterationObserver.Builder,Unnecessary Abstraction,The tool detected the smell in this class because the class contains only a few data members without any method implementation that indicates that the abstraction might not be required. Following fields are declared in this class: rootEntry; fileFilter; ioCase,/data/henrique/detecting_smells_study/project/data/repositories/commons-io/src/main/java/org/apache/commons/io/monitor/FileAlterationObserver.java
commons-io,org.apache.commons.io.monitor,AbstractMonitorTest,Feature Envy,The tool detected a instance of this smell because checkCollectionSizes is more interested in members of the type: CollectionFileListener,/data/henrique/detecting_smells_study/project/data/repositories/commons-io/src/test/java/org/apache/commons/io/monitor/AbstractMonitorTest.java
commons-io,org.apache.commons.io.comparator,PathFileComparator,Deficient Encapsulation,The tool detected the smell in this class because the class exposes fields belonging to it with public accessibility. Following fields are declared with public accessiblity: serialVersionUID; PATH_COMPARATOR; PATH_REVERSE; PATH_INSENSITIVE_COMPARATOR; PATH_INSENSITIVE_REVERSE; PATH_SYSTEM_COMPARATOR; PATH_SYSTEM_REVERSE; ioCase,/data/henrique/detecting_smells_study/project/data/repositories/commons-io/src/main/java/org/apache/commons/io/comparator/PathFileComparator.java
commons-io,org.apache.commons.io.comparator,ExtensionFileComparator,Deficient Encapsulation,The tool detected the smell in this class because the class exposes fields belonging to it with public accessibility. Following fields are declared with public accessiblity: serialVersionUID; EXTENSION_COMPARATOR; EXTENSION_REVERSE; EXTENSION_INSENSITIVE_COMPARATOR; EXTENSION_INSENSITIVE_REVERSE; EXTENSION_SYSTEM_COMPARATOR; EXTENSION_SYSTEM_REVERSE; ioCase,/data/henrique/detecting_smells_study/project/data/repositories/commons-io/src/main/java/org/apache/commons/io/comparator/ExtensionFileComparator.java
commons-io,org.apache.commons.io.comparator,SizeFileComparator,Deficient Encapsulation,The tool detected the smell in this class because the class exposes fields belonging to it with public accessibility. Following fields are declared with public accessiblity: serialVersionUID; SIZE_COMPARATOR; SIZE_REVERSE; SIZE_SUMDIR_COMPARATOR; SIZE_SUMDIR_REVERSE; sumDirectoryContents,/data/henrique/detecting_smells_study/project/data/repositories/commons-io/src/main/java/org/apache/commons/io/comparator/SizeFileComparator.java
commons-io,org.apache.commons.io.comparator,LastModifiedFileComparator,Deficient Encapsulation,The tool detected the smell in this class because the class exposes fields belonging to it with public accessibility. Following fields are declared with public accessiblity: serialVersionUID; LASTMODIFIED_COMPARATOR; LASTMODIFIED_REVERSE,/data/henrique/detecting_smells_study/project/data/repositories/commons-io/src/main/java/org/apache/commons/io/comparator/LastModifiedFileComparator.java
commons-io,org.apache.commons.io.comparator,LastModifiedFileComparator,Broken Hierarchy,The tool detected a potential instance of the smell because this type does not implement or override any method from it's supertype(s): AbstractFileComparator,/data/henrique/detecting_smells_study/project/data/repositories/commons-io/src/main/java/org/apache/commons/io/comparator/LastModifiedFileComparator.java
commons-io,org.apache.commons.io.comparator,NameFileComparator,Deficient Encapsulation,The tool detected the smell in this class because the class exposes fields belonging to it with public accessibility. Following fields are declared with public accessiblity: serialVersionUID; NAME_COMPARATOR; NAME_REVERSE; NAME_INSENSITIVE_COMPARATOR; NAME_INSENSITIVE_REVERSE; NAME_SYSTEM_COMPARATOR; NAME_SYSTEM_REVERSE; ioCase,/data/henrique/detecting_smells_study/project/data/repositories/commons-io/src/main/java/org/apache/commons/io/comparator/NameFileComparator.java
commons-io,org.apache.commons.io.comparator,DefaultFileComparator,Deficient Encapsulation,The tool detected the smell in this class because the class exposes fields belonging to it with public accessibility. Following fields are declared with public accessiblity: serialVersionUID; DEFAULT_COMPARATOR; DEFAULT_REVERSE,/data/henrique/detecting_smells_study/project/data/repositories/commons-io/src/main/java/org/apache/commons/io/comparator/DefaultFileComparator.java
commons-io,org.apache.commons.io.comparator,DefaultFileComparator,Broken Hierarchy,The tool detected a potential instance of the smell because this type does not implement or override any method from it's supertype(s): AbstractFileComparator,/data/henrique/detecting_smells_study/project/data/repositories/commons-io/src/main/java/org/apache/commons/io/comparator/DefaultFileComparator.java
commons-io,org.apache.commons.io.comparator,DirectoryFileComparator,Deficient Encapsulation,The tool detected the smell in this class because the class exposes fields belonging to it with public accessibility. Following fields are declared with public accessiblity: TYPE_FILE; TYPE_DIRECTORY; serialVersionUID; DIRECTORY_COMPARATOR; DIRECTORY_REVERSE,/data/henrique/detecting_smells_study/project/data/repositories/commons-io/src/main/java/org/apache/commons/io/comparator/DirectoryFileComparator.java
commons-io,org.apache.commons.io.comparator,DirectoryFileComparator,Broken Hierarchy,The tool detected a potential instance of the smell because this type does not implement or override any method from it's supertype(s): AbstractFileComparator,/data/henrique/detecting_smells_study/project/data/repositories/commons-io/src/main/java/org/apache/commons/io/comparator/DirectoryFileComparator.java
commons-io,org.apache.commons.io.comparator,ReverseFileComparator,Unutilized Abstraction,The tool detected the smell in this class because this class is potentially unused. (Please ignore the smell if the reported class is auto-generated and/or used to serve a specific known purpose.),/data/henrique/detecting_smells_study/project/data/repositories/commons-io/src/main/java/org/apache/commons/io/comparator/ReverseFileComparator.java
commons-io,org.apache.commons.io.comparator,LastModifiedFileComparatorTest,Unutilized Abstraction,The tool detected the smell in this class because this class is potentially unused. (Please ignore the smell if the reported class is auto-generated and/or used to serve a specific known purpose.),/data/henrique/detecting_smells_study/project/data/repositories/commons-io/src/test/java/org/apache/commons/io/comparator/LastModifiedFileComparatorTest.java
commons-io,org.apache.commons.io.comparator,LastModifiedFileComparatorTest,Broken Hierarchy,The tool detected a potential instance of the smell because this type does not implement or override any method from it's supertype(s): ComparatorAbstractTest,/data/henrique/detecting_smells_study/project/data/repositories/commons-io/src/test/java/org/apache/commons/io/comparator/LastModifiedFileComparatorTest.java
commons-io,org.apache.commons.io.comparator,DefaultFileComparatorTest,Unutilized Abstraction,The tool detected the smell in this class because this class is potentially unused. (Please ignore the smell if the reported class is auto-generated and/or used to serve a specific known purpose.),/data/henrique/detecting_smells_study/project/data/repositories/commons-io/src/test/java/org/apache/commons/io/comparator/DefaultFileComparatorTest.java
commons-io,org.apache.commons.io.comparator,DefaultFileComparatorTest,Broken Hierarchy,The tool detected a potential instance of the smell because this type does not implement or override any method from it's supertype(s): ComparatorAbstractTest,/data/henrique/detecting_smells_study/project/data/repositories/commons-io/src/test/java/org/apache/commons/io/comparator/DefaultFileComparatorTest.java
commons-io,org.apache.commons.io.output,ChunkedOutputStream.Builder,Unnecessary Abstraction,The tool detected the smell in this class because the class contains only a few data members without any method implementation that indicates that the abstraction might not be required. Following fields are declared in this class: ,/data/henrique/detecting_smells_study/project/data/repositories/commons-io/src/main/java/org/apache/commons/io/output/ChunkedOutputStream.java
commons-io,org.apache.commons.io.output,UnsynchronizedByteArrayOutputStream,Cyclically-dependent Modularization,The tool detected the smell in this class because this class participates in a cyclic dependency. The participating classes in the cycle are: UnsynchronizedByteArrayOutputStream; UnsynchronizedByteArrayInputStream; IOUtils; QueueInputStream; QueueOutputStream; BoundedInputStream; ProxyInputStream; LineIterator; ByteArrayOutputStream; NullOutputStream; NullWriter,/data/henrique/detecting_smells_study/project/data/repositories/commons-io/src/main/java/org/apache/commons/io/output/UnsynchronizedByteArrayOutputStream.java
commons-io,org.apache.commons.io.output,UnsynchronizedByteArrayOutputStream.Builder,Unnecessary Abstraction,The tool detected the smell in this class because the class contains only a few data members without any method implementation that indicates that the abstraction might not be required. Following fields are declared in this class: ,/data/henrique/detecting_smells_study/project/data/repositories/commons-io/src/main/java/org/apache/commons/io/output/UnsynchronizedByteArrayOutputStream.java
commons-io,org.apache.commons.io.output,ProxyOutputStream.Builder,Unnecessary Abstraction,The tool detected the smell in this class because the class contains only a few data members without any method implementation that indicates that the abstraction might not be required. Following fields are declared in this class: ,/data/henrique/detecting_smells_study/project/data/repositories/commons-io/src/main/java/org/apache/commons/io/output/ProxyOutputStream.java
commons-io,org.apache.commons.io.output,CountingOutputStream,Broken Hierarchy,The tool detected a potential instance of the smell because this type does not implement or override any method from it's supertype(s): ProxyOutputStream,/data/henrique/detecting_smells_study/project/data/repositories/commons-io/src/main/java/org/apache/commons/io/output/CountingOutputStream.java
commons-io,org.apache.commons.io.output,DeferredFileOutputStream.Builder,Unnecessary Abstraction,The tool detected the smell in this class because the class contains only a few data members without any method implementation that indicates that the abstraction might not be required. Following fields are declared in this class: threshold; outputFile; prefix; suffix; directory,/data/henrique/detecting_smells_study/project/data/repositories/commons-io/src/main/java/org/apache/commons/io/output/DeferredFileOutputStream.java
commons-io,org.apache.commons.io.output,DeferredFileOutputStream.Builder,Broken Modularization,The tool detected the smell in this class because it contains only data members without any method implementation. Following fields are declared in this class: threshold; outputFile; prefix; suffix; directory,/data/henrique/detecting_smells_study/project/data/repositories/commons-io/src/main/java/org/apache/commons/io/output/DeferredFileOutputStream.java
commons-io,org.apache.commons.io.output,BrokenWriter,Deficient Encapsulation,The tool detected the smell in this class because the class exposes fields belonging to it with public accessibility. Following fields are declared with public accessiblity: INSTANCE; exceptionSupplier,/data/henrique/detecting_smells_study/project/data/repositories/commons-io/src/main/java/org/apache/commons/io/output/BrokenWriter.java
commons-io,org.apache.commons.io.output,TaggedOutputStream,Broken Hierarchy,The tool detected a potential instance of the smell because this type does not implement or override any method from it's supertype(s): ProxyOutputStream,/data/henrique/detecting_smells_study/project/data/repositories/commons-io/src/main/java/org/apache/commons/io/output/TaggedOutputStream.java
commons-io,org.apache.commons.io.output,NullWriter,Deficient Encapsulation,The tool detected the smell in this class because the class exposes fields belonging to it with public accessibility. Following fields are declared with public accessiblity: INSTANCE; NULL_WRITER,/data/henrique/detecting_smells_study/project/data/repositories/commons-io/src/main/java/org/apache/commons/io/output/NullWriter.java
commons-io,org.apache.commons.io.output,XmlStreamWriter.Builder,Unnecessary Abstraction,The tool detected the smell in this class because the class contains only a few data members without any method implementation that indicates that the abstraction might not be required. Following fields are declared in this class: ,/data/henrique/detecting_smells_study/project/data/repositories/commons-io/src/main/java/org/apache/commons/io/output/XmlStreamWriter.java
commons-io,org.apache.commons.io.output,TeeWriter,Broken Hierarchy,The tool detected a potential instance of the smell because this type does not implement or override any method from it's supertype(s): ProxyCollectionWriter,/data/henrique/detecting_smells_study/project/data/repositories/commons-io/src/main/java/org/apache/commons/io/output/TeeWriter.java
commons-io,org.apache.commons.io.output,NullAppendable,Deficient Encapsulation,The tool detected the smell in this class because the class exposes fields belonging to it with public accessibility. Following fields are declared with public accessiblity: INSTANCE,/data/henrique/detecting_smells_study/project/data/repositories/commons-io/src/main/java/org/apache/commons/io/output/NullAppendable.java
commons-io,org.apache.commons.io.output,ClosedOutputStream,Deficient Encapsulation,The tool detected the smell in this class because the class exposes fields belonging to it with public accessibility. Following fields are declared with public accessiblity: INSTANCE; CLOSED_OUTPUT_STREAM,/data/henrique/detecting_smells_study/project/data/repositories/commons-io/src/main/java/org/apache/commons/io/output/ClosedOutputStream.java
commons-io,org.apache.commons.io.output,RandomAccessFileOutputStream.Builder,Unnecessary Abstraction,The tool detected the smell in this class because the class contains only a few data members without any method implementation that indicates that the abstraction might not be required. Following fields are declared in this class: ,/data/henrique/detecting_smells_study/project/data/repositories/commons-io/src/main/java/org/apache/commons/io/output/RandomAccessFileOutputStream.java
commons-io,org.apache.commons.io.output,WriterOutputStream.Builder,Unnecessary Abstraction,The tool detected the smell in this class because the class contains only a few data members without any method implementation that indicates that the abstraction might not be required. Following fields are declared in this class: charsetDecoder; writeImmediately,/data/henrique/detecting_smells_study/project/data/repositories/commons-io/src/main/java/org/apache/commons/io/output/WriterOutputStream.java
commons-io,org.apache.commons.io.output,UncheckedFilterWriter.Builder,Unnecessary Abstraction,The tool detected the smell in this class because the class contains only a few data members without any method implementation that indicates that the abstraction might not be required. Following fields are declared in this class: ,/data/henrique/detecting_smells_study/project/data/repositories/commons-io/src/main/java/org/apache/commons/io/output/UncheckedFilterWriter.java
commons-io,org.apache.commons.io.output,NullPrintStream,Deficient Encapsulation,The tool detected the smell in this class because the class exposes fields belonging to it with public accessibility. Following fields are declared with public accessiblity: INSTANCE; NULL_PRINT_STREAM,/data/henrique/detecting_smells_study/project/data/repositories/commons-io/src/main/java/org/apache/commons/io/output/NullPrintStream.java
commons-io,org.apache.commons.io.output,BrokenOutputStream,Deficient Encapsulation,The tool detected the smell in this class because the class exposes fields belonging to it with public accessibility. Following fields are declared with public accessiblity: INSTANCE; exceptionFunction,/data/henrique/detecting_smells_study/project/data/repositories/commons-io/src/main/java/org/apache/commons/io/output/BrokenOutputStream.java
commons-io,org.apache.commons.io.output,UncheckedFilterOutputStream.Builder,Unnecessary Abstraction,The tool detected the smell in this class because the class contains only a few data members without any method implementation that indicates that the abstraction might not be required. Following fields are declared in this class: ,/data/henrique/detecting_smells_study/project/data/repositories/commons-io/src/main/java/org/apache/commons/io/output/UncheckedFilterOutputStream.java
commons-io,org.apache.commons.io.output,NullOutputStream,Deficient Encapsulation,The tool detected the smell in this class because the class exposes fields belonging to it with public accessibility. Following fields are declared with public accessiblity: INSTANCE; NULL_OUTPUT_STREAM,/data/henrique/detecting_smells_study/project/data/repositories/commons-io/src/main/java/org/apache/commons/io/output/NullOutputStream.java
commons-io,org.apache.commons.io.output,LockableFileWriter.Builder,Unnecessary Abstraction,The tool detected the smell in this class because the class contains only a few data members without any method implementation that indicates that the abstraction might not be required. Following fields are declared in this class: append; lockDirectory,/data/henrique/detecting_smells_study/project/data/repositories/commons-io/src/main/java/org/apache/commons/io/output/LockableFileWriter.java
commons-io,org.apache.commons.io.output,ClosedWriter,Deficient Encapsulation,The tool detected the smell in this class because the class exposes fields belonging to it with public accessibility. Following fields are declared with public accessiblity: INSTANCE; CLOSED_WRITER,/data/henrique/detecting_smells_study/project/data/repositories/commons-io/src/main/java/org/apache/commons/io/output/ClosedWriter.java
commons-io,org.apache.commons.io.output,FileWriterWithEncoding,Broken Hierarchy,The tool detected a potential instance of the smell because this type does not implement or override any method from it's supertype(s): ProxyWriter,/data/henrique/detecting_smells_study/project/data/repositories/commons-io/src/main/java/org/apache/commons/io/output/FileWriterWithEncoding.java
commons-io,org.apache.commons.io.output,FileWriterWithEncoding.Builder,Unnecessary Abstraction,The tool detected the smell in this class because the class contains only a few data members without any method implementation that indicates that the abstraction might not be required. Following fields are declared in this class: append; charsetEncoder,/data/henrique/detecting_smells_study/project/data/repositories/commons-io/src/main/java/org/apache/commons/io/output/FileWriterWithEncoding.java
commons-io,org.apache.commons.io.output,TaggedWriter,Broken Hierarchy,The tool detected a potential instance of the smell because this type does not implement or override any method from it's supertype(s): ProxyWriter,/data/henrique/detecting_smells_study/project/data/repositories/commons-io/src/main/java/org/apache/commons/io/output/TaggedWriter.java
commons-io,org.apache.commons.io.output,UncheckedAppendableImpl,Unutilized Abstraction,The tool detected the smell in this class because this class is potentially unused. (Please ignore the smell if the reported class is auto-generated and/or used to serve a specific known purpose.),/data/henrique/detecting_smells_study/project/data/repositories/commons-io/src/main/java/org/apache/commons/io/output/UncheckedAppendableImpl.java
commons-io,org.apache.commons.io.output,ByteArrayOutputStreamTest,Unutilized Abstraction,The tool detected the smell in this class because this class is potentially unused. (Please ignore the smell if the reported class is auto-generated and/or used to serve a specific known purpose.),/data/henrique/detecting_smells_study/project/data/repositories/commons-io/src/test/java/org/apache/commons/io/output/ByteArrayOutputStreamTest.java
commons-io,org.apache.commons.io.output,ByteArrayOutputStreamTest,Insufficient Modularization,The tool detected the smell in this class because the class contains large number of methods. Total methods in the class: 30 methods,/data/henrique/detecting_smells_study/project/data/repositories/commons-io/src/test/java/org/apache/commons/io/output/ByteArrayOutputStreamTest.java
commons-io,org.apache.commons.io.output,ByteArrayOutputStreamTest.ByteArrayOutputStreamFactory,Unnecessary Abstraction,The tool detected the smell in this class because the class contains only a few data members without any method implementation that indicates that the abstraction might not be required. Following fields are declared in this class: ,/data/henrique/detecting_smells_study/project/data/repositories/commons-io/src/test/java/org/apache/commons/io/output/ByteArrayOutputStreamTest.java
commons-io,org.apache.commons.io.output,ByteArrayOutputStreamTest.ByteArrayOutputStreamFactory,Unutilized Abstraction,The tool detected the smell in this class because this class is potentially unused. (Please ignore the smell if the reported class is auto-generated and/or used to serve a specific known purpose.),/data/henrique/detecting_smells_study/project/data/repositories/commons-io/src/test/java/org/apache/commons/io/output/ByteArrayOutputStreamTest.java
commons-io,org.apache.commons.io.output,ByteArrayOutputStreamTest.UnsynchronizedByteArrayOutputStreamFactory,Unnecessary Abstraction,The tool detected the smell in this class because the class contains only a few data members without any method implementation that indicates that the abstraction might not be required. Following fields are declared in this class: ,/data/henrique/detecting_smells_study/project/data/repositories/commons-io/src/test/java/org/apache/commons/io/output/ByteArrayOutputStreamTest.java
commons-io,org.apache.commons.io.output,ByteArrayOutputStreamTest.UnsynchronizedByteArrayOutputStreamFactory,Unutilized Abstraction,The tool detected the smell in this class because this class is potentially unused. (Please ignore the smell if the reported class is auto-generated and/or used to serve a specific known purpose.),/data/henrique/detecting_smells_study/project/data/repositories/commons-io/src/test/java/org/apache/commons/io/output/ByteArrayOutputStreamTest.java
commons-io,org.apache.commons.io.channels,CloseShieldChannel,Unutilized Abstraction,The tool detected the smell in this class because this class is potentially unused. (Please ignore the smell if the reported class is auto-generated and/or used to serve a specific known purpose.),/data/henrique/detecting_smells_study/project/data/repositories/commons-io/src/main/java/org/apache/commons/io/channels/CloseShieldChannel.java
commons-io,org.apache.commons.io.channels,FileSeekableByteChannelTest,Unutilized Abstraction,The tool detected the smell in this class because this class is potentially unused. (Please ignore the smell if the reported class is auto-generated and/or used to serve a specific known purpose.),/data/henrique/detecting_smells_study/project/data/repositories/commons-io/src/test/java/org/apache/commons/io/channels/FileSeekableByteChannelTest.java
commons-io,org.apache.commons.io.channels,FileChannelsTest,Unutilized Abstraction,The tool detected the smell in this class because this class is potentially unused. (Please ignore the smell if the reported class is auto-generated and/or used to serve a specific known purpose.),/data/henrique/detecting_smells_study/project/data/repositories/commons-io/src/test/java/org/apache/commons/io/channels/FileChannelsTest.java
commons-io,org.apache.commons.io.channels,FileChannelsTest.FileChannelType,Unnecessary Abstraction,The tool detected the smell in this class because the class contains only a few data members without any method implementation that indicates that the abstraction might not be required. Following fields are declared in this class: ,/data/henrique/detecting_smells_study/project/data/repositories/commons-io/src/test/java/org/apache/commons/io/channels/FileChannelsTest.java
commons-io,org.apache.commons.io.channels,FixedReadSizeFileChannelProxy,Unutilized Abstraction,The tool detected the smell in this class because this class is potentially unused. (Please ignore the smell if the reported class is auto-generated and/or used to serve a specific known purpose.),/data/henrique/detecting_smells_study/project/data/repositories/commons-io/src/test/java/org/apache/commons/io/channels/FixedReadSizeFileChannelProxy.java
commons-io,org.apache.commons.io.channels,NonBlockingFileChannelProxy,Unutilized Abstraction,The tool detected the smell in this class because this class is potentially unused. (Please ignore the smell if the reported class is auto-generated and/or used to serve a specific known purpose.),/data/henrique/detecting_smells_study/project/data/repositories/commons-io/src/test/java/org/apache/commons/io/channels/NonBlockingFileChannelProxy.java
commons-io,org.apache.commons.io.build,AbstractOriginSupplier,Broken Hierarchy,The tool detected a potential instance of the smell because this type does not implement or override any method from it's supertype(s): AbstractSupplier,/data/henrique/detecting_smells_study/project/data/repositories/commons-io/src/main/java/org/apache/commons/io/build/AbstractOriginSupplier.java
commons-io,org.apache.commons.io.build,AbstractOriginSupplier,Insufficient Modularization,The tool detected the smell in this class because the class contains large number of methods. Total methods in the class: 33 methods,/data/henrique/detecting_smells_study/project/data/repositories/commons-io/src/main/java/org/apache/commons/io/build/AbstractOriginSupplier.java
commons-io,org.apache.commons.io.build,AbstractStreamBuilder,Broken Hierarchy,The tool detected a potential instance of the smell because this type does not implement or override any method from it's supertype(s): AbstractOriginSupplier,/data/henrique/detecting_smells_study/project/data/repositories/commons-io/src/main/java/org/apache/commons/io/build/AbstractStreamBuilder.java
commons-io,org.apache.commons.io.build,AbstractStreamBuilder,Wide Hierarchy,The tool detected the smell in this class because the number of children for the class is large. This class has following sub-classes: XmlStreamReader.Builder; CharSequenceInputStream.Builder; ReaderInputStream.Builder; MemoryMappedFileInputStream.Builder; ReversedLinesFileReader.Builder; Tailer.Builder; UnsynchronizedFilterInputStream.Builder; UncheckedFilterReader.Builder; UncheckedBufferedReader.Builder; RandomAccessFileInputStream.Builder; BufferedFileChannelInputStream.Builder; ProxyInputStream.AbstractBuilder; UnsynchronizedBufferedInputStream.Builder; UncheckedFilterInputStream.Builder; ReadAheadInputStream.Builder; UnsynchronizedByteArrayInputStream.Builder; QueueInputStream.Builder; ChunkedOutputStream.Builder; UnsynchronizedByteArrayOutputStream.Builder; ProxyOutputStream.Builder; DeferredFileOutputStream.Builder; XmlStreamWriter.Builder; RandomAccessFileOutputStream.Builder; WriterOutputStream.Builder; UncheckedFilterWriter.Builder; UncheckedFilterOutputStream.Builder; LockableFileWriter.Builder; FileWriterWithEncoding.Builder; AbstractStreamBuilderTest.Builder; ValidatingObjectInputStream.Builder,/data/henrique/detecting_smells_study/project/data/repositories/commons-io/src/main/java/org/apache/commons/io/build/AbstractStreamBuilder.java
commons-io,org.apache.commons.io.build,AbstractStreamBuilder,Insufficient Modularization,The tool detected the smell in this class becuase the class has bloated interface (large number of public methods). Total public methods in the class: 22 public methods,/data/henrique/detecting_smells_study/project/data/repositories/commons-io/src/main/java/org/apache/commons/io/build/AbstractStreamBuilder.java
commons-io,org.apache.commons.io.build,AbstractSupplier,Broken Hierarchy,The tool detected a potential instance of the smell because this type does not implement or override any method from it's supertype(s): IOSupplier,/data/henrique/detecting_smells_study/project/data/repositories/commons-io/src/main/java/org/apache/commons/io/build/AbstractSupplier.java
commons-io,org.apache.commons.io.build,AbstractOrigin,Broken Hierarchy,The tool detected a potential instance of the smell because this type does not implement or override any method from it's supertype(s): AbstractSupplier,/data/henrique/detecting_smells_study/project/data/repositories/commons-io/src/main/java/org/apache/commons/io/build/AbstractOrigin.java
commons-io,org.apache.commons.io.build,AbstractOrigin,Wide Hierarchy,The tool detected the smell in this class because the number of children for the class is large. This class has following sub-classes: AbstractOrigin.AbstractRandomAccessFileOrigin; AbstractOrigin.ByteArrayOrigin; AbstractOrigin.ChannelOrigin; AbstractOrigin.CharSequenceOrigin; AbstractOrigin.FileOrigin; AbstractOrigin.InputStreamOrigin; AbstractOrigin.OutputStreamOrigin; AbstractOrigin.PathOrigin; AbstractOrigin.ReaderOrigin; AbstractOrigin.URIOrigin; AbstractOrigin.WriterOrigin,/data/henrique/detecting_smells_study/project/data/repositories/commons-io/src/main/java/org/apache/commons/io/build/AbstractOrigin.java
commons-io,org.apache.commons.io.build,AbstractOrigin.AbstractRandomAccessFileOrigin,Unnecessary Abstraction,The tool detected the smell in this class because the class contains only a few data members without any method implementation that indicates that the abstraction might not be required. Following fields are declared in this class: ,/data/henrique/detecting_smells_study/project/data/repositories/commons-io/src/main/java/org/apache/commons/io/build/AbstractOrigin.java
commons-io,org.apache.commons.io.build,AbstractOrigin.AbstractRandomAccessFileOrigin,Unutilized Abstraction,The tool detected the smell in this class because this class is potentially unused. (Please ignore the smell if the reported class is auto-generated and/or used to serve a specific known purpose.),/data/henrique/detecting_smells_study/project/data/repositories/commons-io/src/main/java/org/apache/commons/io/build/AbstractOrigin.java
commons-io,org.apache.commons.io.build,AbstractOrigin.ByteArrayOrigin,Unnecessary Abstraction,The tool detected the smell in this class because the class contains only a few data members without any method implementation that indicates that the abstraction might not be required. Following fields are declared in this class: ,/data/henrique/detecting_smells_study/project/data/repositories/commons-io/src/main/java/org/apache/commons/io/build/AbstractOrigin.java
commons-io,org.apache.commons.io.build,AbstractOrigin.ByteArrayOrigin,Unutilized Abstraction,The tool detected the smell in this class because this class is potentially unused. (Please ignore the smell if the reported class is auto-generated and/or used to serve a specific known purpose.),/data/henrique/detecting_smells_study/project/data/repositories/commons-io/src/main/java/org/apache/commons/io/build/AbstractOrigin.java
commons-io,org.apache.commons.io.build,AbstractOrigin.ChannelOrigin,Unnecessary Abstraction,The tool detected the smell in this class because the class contains only a few data members without any method implementation that indicates that the abstraction might not be required. Following fields are declared in this class: ,/data/henrique/detecting_smells_study/project/data/repositories/commons-io/src/main/java/org/apache/commons/io/build/AbstractOrigin.java
commons-io,org.apache.commons.io.build,AbstractOrigin.ChannelOrigin,Unutilized Abstraction,The tool detected the smell in this class because this class is potentially unused. (Please ignore the smell if the reported class is auto-generated and/or used to serve a specific known purpose.),/data/henrique/detecting_smells_study/project/data/repositories/commons-io/src/main/java/org/apache/commons/io/build/AbstractOrigin.java
commons-io,org.apache.commons.io.build,AbstractOrigin.CharSequenceOrigin,Unnecessary Abstraction,The tool detected the smell in this class because the class contains only a few data members without any method implementation that indicates that the abstraction might not be required. Following fields are declared in this class: ,/data/henrique/detecting_smells_study/project/data/repositories/commons-io/src/main/java/org/apache/commons/io/build/AbstractOrigin.java
commons-io,org.apache.commons.io.build,AbstractOrigin.CharSequenceOrigin,Unutilized Abstraction,The tool detected the smell in this class because this class is potentially unused. (Please ignore the smell if the reported class is auto-generated and/or used to serve a specific known purpose.),/data/henrique/detecting_smells_study/project/data/repositories/commons-io/src/main/java/org/apache/commons/io/build/AbstractOrigin.java
commons-io,org.apache.commons.io.build,AbstractOrigin.FileOrigin,Unnecessary Abstraction,The tool detected the smell in this class because the class contains only a few data members without any method implementation that indicates that the abstraction might not be required. Following fields are declared in this class: ,/data/henrique/detecting_smells_study/project/data/repositories/commons-io/src/main/java/org/apache/commons/io/build/AbstractOrigin.java
commons-io,org.apache.commons.io.build,AbstractOrigin.FileOrigin,Unutilized Abstraction,The tool detected the smell in this class because this class is potentially unused. (Please ignore the smell if the reported class is auto-generated and/or used to serve a specific known purpose.),/data/henrique/detecting_smells_study/project/data/repositories/commons-io/src/main/java/org/apache/commons/io/build/AbstractOrigin.java
commons-io,org.apache.commons.io.build,AbstractOrigin.InputStreamOrigin,Unnecessary Abstraction,The tool detected the smell in this class because the class contains only a few data members without any method implementation that indicates that the abstraction might not be required. Following fields are declared in this class: ,/data/henrique/detecting_smells_study/project/data/repositories/commons-io/src/main/java/org/apache/commons/io/build/AbstractOrigin.java
commons-io,org.apache.commons.io.build,AbstractOrigin.InputStreamOrigin,Unutilized Abstraction,The tool detected the smell in this class because this class is potentially unused. (Please ignore the smell if the reported class is auto-generated and/or used to serve a specific known purpose.),/data/henrique/detecting_smells_study/project/data/repositories/commons-io/src/main/java/org/apache/commons/io/build/AbstractOrigin.java
commons-io,org.apache.commons.io.build,AbstractOrigin.IORandomAccessFileOrigin,Unnecessary Abstraction,The tool detected the smell in this class because the class contains only a few data members without any method implementation that indicates that the abstraction might not be required. Following fields are declared in this class: ,/data/henrique/detecting_smells_study/project/data/repositories/commons-io/src/main/java/org/apache/commons/io/build/AbstractOrigin.java
commons-io,org.apache.commons.io.build,AbstractOrigin.IORandomAccessFileOrigin,Unutilized Abstraction,The tool detected the smell in this class because this class is potentially unused. (Please ignore the smell if the reported class is auto-generated and/or used to serve a specific known purpose.),/data/henrique/detecting_smells_study/project/data/repositories/commons-io/src/main/java/org/apache/commons/io/build/AbstractOrigin.java
commons-io,org.apache.commons.io.build,AbstractOrigin.OutputStreamOrigin,Unnecessary Abstraction,The tool detected the smell in this class because the class contains only a few data members without any method implementation that indicates that the abstraction might not be required. Following fields are declared in this class: ,/data/henrique/detecting_smells_study/project/data/repositories/commons-io/src/main/java/org/apache/commons/io/build/AbstractOrigin.java
commons-io,org.apache.commons.io.build,AbstractOrigin.OutputStreamOrigin,Unutilized Abstraction,The tool detected the smell in this class because this class is potentially unused. (Please ignore the smell if the reported class is auto-generated and/or used to serve a specific known purpose.),/data/henrique/detecting_smells_study/project/data/repositories/commons-io/src/main/java/org/apache/commons/io/build/AbstractOrigin.java
commons-io,org.apache.commons.io.build,AbstractOrigin.PathOrigin,Unnecessary Abstraction,The tool detected the smell in this class because the class contains only a few data members without any method implementation that indicates that the abstraction might not be required. Following fields are declared in this class: ,/data/henrique/detecting_smells_study/project/data/repositories/commons-io/src/main/java/org/apache/commons/io/build/AbstractOrigin.java
commons-io,org.apache.commons.io.build,AbstractOrigin.PathOrigin,Unutilized Abstraction,The tool detected the smell in this class because this class is potentially unused. (Please ignore the smell if the reported class is auto-generated and/or used to serve a specific known purpose.),/data/henrique/detecting_smells_study/project/data/repositories/commons-io/src/main/java/org/apache/commons/io/build/AbstractOrigin.java
commons-io,org.apache.commons.io.build,AbstractOrigin.RandomAccessFileOrigin,Unnecessary Abstraction,The tool detected the smell in this class because the class contains only a few data members without any method implementation that indicates that the abstraction might not be required. Following fields are declared in this class: ,/data/henrique/detecting_smells_study/project/data/repositories/commons-io/src/main/java/org/apache/commons/io/build/AbstractOrigin.java
commons-io,org.apache.commons.io.build,AbstractOrigin.RandomAccessFileOrigin,Unutilized Abstraction,The tool detected the smell in this class because this class is potentially unused. (Please ignore the smell if the reported class is auto-generated and/or used to serve a specific known purpose.),/data/henrique/detecting_smells_study/project/data/repositories/commons-io/src/main/java/org/apache/commons/io/build/AbstractOrigin.java
commons-io,org.apache.commons.io.build,AbstractOrigin.ReaderOrigin,Unnecessary Abstraction,The tool detected the smell in this class because the class contains only a few data members without any method implementation that indicates that the abstraction might not be required. Following fields are declared in this class: ,/data/henrique/detecting_smells_study/project/data/repositories/commons-io/src/main/java/org/apache/commons/io/build/AbstractOrigin.java
commons-io,org.apache.commons.io.build,AbstractOrigin.ReaderOrigin,Unutilized Abstraction,The tool detected the smell in this class because this class is potentially unused. (Please ignore the smell if the reported class is auto-generated and/or used to serve a specific known purpose.),/data/henrique/detecting_smells_study/project/data/repositories/commons-io/src/main/java/org/apache/commons/io/build/AbstractOrigin.java
commons-io,org.apache.commons.io.build,AbstractOrigin.URIOrigin,Unnecessary Abstraction,The tool detected the smell in this class because the class contains only a few data members without any method implementation that indicates that the abstraction might not be required. Following fields are declared in this class: SCHEME_HTTPS; SCHEME_HTTP,/data/henrique/detecting_smells_study/project/data/repositories/commons-io/src/main/java/org/apache/commons/io/build/AbstractOrigin.java
commons-io,org.apache.commons.io.build,AbstractOrigin.URIOrigin,Unutilized Abstraction,The tool detected the smell in this class because this class is potentially unused. (Please ignore the smell if the reported class is auto-generated and/or used to serve a specific known purpose.),/data/henrique/detecting_smells_study/project/data/repositories/commons-io/src/main/java/org/apache/commons/io/build/AbstractOrigin.java
commons-io,org.apache.commons.io.build,AbstractOrigin.WriterOrigin,Unnecessary Abstraction,The tool detected the smell in this class because the class contains only a few data members without any method implementation that indicates that the abstraction might not be required. Following fields are declared in this class: ,/data/henrique/detecting_smells_study/project/data/repositories/commons-io/src/main/java/org/apache/commons/io/build/AbstractOrigin.java
commons-io,org.apache.commons.io.build,AbstractOrigin.WriterOrigin,Unutilized Abstraction,The tool detected the smell in this class because this class is potentially unused. (Please ignore the smell if the reported class is auto-generated and/or used to serve a specific known purpose.),/data/henrique/detecting_smells_study/project/data/repositories/commons-io/src/main/java/org/apache/commons/io/build/AbstractOrigin.java
commons-io,org.apache.commons.io.build,AbstractStreamBuilderTest.Builder,Unnecessary Abstraction,The tool detected the smell in this class because the class contains only a few data members without any method implementation that indicates that the abstraction might not be required. Following fields are declared in this class: ,/data/henrique/detecting_smells_study/project/data/repositories/commons-io/src/test/java/org/apache/commons/io/build/AbstractStreamBuilderTest.java
commons-io,org.apache.commons.io.build,IORandomAccessFileOriginTest,Unutilized Abstraction,The tool detected the smell in this class because this class is potentially unused. (Please ignore the smell if the reported class is auto-generated and/or used to serve a specific known purpose.),/data/henrique/detecting_smells_study/project/data/repositories/commons-io/src/test/java/org/apache/commons/io/build/IORandomAccessFileOriginTest.java
commons-io,org.apache.commons.io.build,AbstractSupplierTest.Builder,Unnecessary Abstraction,The tool detected the smell in this class because the class contains only a few data members without any method implementation that indicates that the abstraction might not be required. Following fields are declared in this class: bar1; bar2; bar3,/data/henrique/detecting_smells_study/project/data/repositories/commons-io/src/test/java/org/apache/commons/io/build/AbstractSupplierTest.java
commons-io,org.apache.commons.io.build,AbstractSupplierTest.Builder,Unutilized Abstraction,The tool detected the smell in this class because this class is potentially unused. (Please ignore the smell if the reported class is auto-generated and/or used to serve a specific known purpose.),/data/henrique/detecting_smells_study/project/data/repositories/commons-io/src/test/java/org/apache/commons/io/build/AbstractSupplierTest.java
commons-io,org.apache.commons.io.build,AbstractSupplierTest.Foo,Unnecessary Abstraction,The tool detected the smell in this class because the class contains only a few data members without any method implementation that indicates that the abstraction might not be required. Following fields are declared in this class: bar1; bar2; bar3,/data/henrique/detecting_smells_study/project/data/repositories/commons-io/src/test/java/org/apache/commons/io/build/AbstractSupplierTest.java
commons-io,org.apache.commons.io.build,PathOriginTest,Unutilized Abstraction,The tool detected the smell in this class because this class is potentially unused. (Please ignore the smell if the reported class is auto-generated and/or used to serve a specific known purpose.),/data/henrique/detecting_smells_study/project/data/repositories/commons-io/src/test/java/org/apache/commons/io/build/PathOriginTest.java
commons-io,org.apache.commons.io.build,FileOriginTest,Unutilized Abstraction,The tool detected the smell in this class because this class is potentially unused. (Please ignore the smell if the reported class is auto-generated and/or used to serve a specific known purpose.),/data/henrique/detecting_smells_study/project/data/repositories/commons-io/src/test/java/org/apache/commons/io/build/FileOriginTest.java
commons-io,org.apache.commons.io.serialization,ValidatingObjectInputStream.Builder,Unnecessary Abstraction,The tool detected the smell in this class because the class contains only a few data members without any method implementation that indicates that the abstraction might not be required. Following fields are declared in this class: predicate,/data/henrique/detecting_smells_study/project/data/repositories/commons-io/src/main/java/org/apache/commons/io/serialization/ValidatingObjectInputStream.java
commons-io,org.apache.commons.io.serialization,ValidatingObjectInputStreamTest.CustomVOIS,Unnecessary Abstraction,The tool detected the smell in this class because the class contains only a few data members without any method implementation that indicates that the abstraction might not be required. Following fields are declared in this class: ,/data/henrique/detecting_smells_study/project/data/repositories/commons-io/src/test/java/org/apache/commons/io/serialization/ValidatingObjectInputStreamTest.java
commons-io,org.apache.commons.io.serialization,ValidatingObjectInputStreamTest.CustomVOIS,Unutilized Abstraction,The tool detected the smell in this class because this class is potentially unused. (Please ignore the smell if the reported class is auto-generated and/or used to serve a specific known purpose.),/data/henrique/detecting_smells_study/project/data/repositories/commons-io/src/test/java/org/apache/commons/io/serialization/ValidatingObjectInputStreamTest.java
commons-io,org.apache.commons.io.serialization,ProxyTest.IFoo,Unutilized Abstraction,The tool detected the smell in this class because this class is potentially unused. (Please ignore the smell if the reported class is auto-generated and/or used to serve a specific known purpose.),/data/henrique/detecting_smells_study/project/data/repositories/commons-io/src/test/java/org/apache/commons/io/serialization/ProxyTest.java
commons-io,org.apache.commons.io.serialization,ProxyTest.InvocationHandlerImpl,Unnecessary Abstraction,The tool detected the smell in this class because the class contains only a few data members without any method implementation that indicates that the abstraction might not be required. Following fields are declared in this class: ,/data/henrique/detecting_smells_study/project/data/repositories/commons-io/src/test/java/org/apache/commons/io/serialization/ProxyTest.java
commons-io,org.apache.commons.io.serialization,ProxyTest.InvocationHandlerImpl,Unutilized Abstraction,The tool detected the smell in this class because this class is potentially unused. (Please ignore the smell if the reported class is auto-generated and/or used to serve a specific known purpose.),/data/henrique/detecting_smells_study/project/data/repositories/commons-io/src/test/java/org/apache/commons/io/serialization/ProxyTest.java
commons-io,org.apache.commons.io.filefilter,FalseFileFilter,Deficient Encapsulation,The tool detected the smell in this class because the class exposes fields belonging to it with public accessibility. Following fields are declared with public accessiblity: TO_STRING; FALSE; INSTANCE; serialVersionUID,/data/henrique/detecting_smells_study/project/data/repositories/commons-io/src/main/java/org/apache/commons/io/filefilter/FalseFileFilter.java
commons-io,org.apache.commons.io.filefilter,FalseFileFilter,Cyclically-dependent Modularization,The tool detected the smell in this class because this class participates in a cyclic dependency. The participating classes in the cycle are: FalseFileFilter; TrueFileFilter,/data/henrique/detecting_smells_study/project/data/repositories/commons-io/src/main/java/org/apache/commons/io/filefilter/FalseFileFilter.java
commons-io,org.apache.commons.io.filefilter,SuffixFileFilter,Cyclically-dependent Modularization,The tool detected the smell in this class because this class participates in a cyclic dependency. The participating classes in the cycle are: FileUtils; PathUtils; AccumulatorPathVisitor; SuffixFileFilter,/data/henrique/detecting_smells_study/project/data/repositories/commons-io/src/main/java/org/apache/commons/io/filefilter/SuffixFileFilter.java
commons-io,org.apache.commons.io.filefilter,FileFilterUtils,Insufficient Modularization,The tool detected the smell in this class becuase the class has bloated interface (large number of public methods). Total public methods in the class: 42 public methods,/data/henrique/detecting_smells_study/project/data/repositories/commons-io/src/main/java/org/apache/commons/io/filefilter/FileFilterUtils.java
commons-io,org.apache.commons.io.filefilter,EmptyFileFilter,Deficient Encapsulation,The tool detected the smell in this class because the class exposes fields belonging to it with public accessibility. Following fields are declared with public accessiblity: EMPTY; NOT_EMPTY; serialVersionUID,/data/henrique/detecting_smells_study/project/data/repositories/commons-io/src/main/java/org/apache/commons/io/filefilter/EmptyFileFilter.java
commons-io,org.apache.commons.io.filefilter,TrueFileFilter,Deficient Encapsulation,The tool detected the smell in this class because the class exposes fields belonging to it with public accessibility. Following fields are declared with public accessiblity: TO_STRING; serialVersionUID; TRUE; INSTANCE,/data/henrique/detecting_smells_study/project/data/repositories/commons-io/src/main/java/org/apache/commons/io/filefilter/TrueFileFilter.java
commons-io,org.apache.commons.io.filefilter,AbstractFileFilter,Broken Hierarchy,The tool detected a potential instance of the smell because this type does not implement or override any method from it's supertype(s): IOFileFilter; PathVisitor,/data/henrique/detecting_smells_study/project/data/repositories/commons-io/src/main/java/org/apache/commons/io/filefilter/AbstractFileFilter.java
commons-io,org.apache.commons.io.filefilter,AbstractFileFilter,Wide Hierarchy,The tool detected the smell in this class because the number of children for the class is large. This class has following sub-classes: MagicNumberFileFilter; SuffixFileFilter; EmptyFileFilter; SizeFileFilter; WildcardFileFilter; PathVisitorFileFilter; HiddenFileFilter; AgeFileFilter; FileEqualsFileFilter; PathEqualsFileFilter; DirectoryFileFilter; SymbolicLinkFileFilter; AndFileFilter; PrefixFileFilter; CanExecuteFileFilter; OrFileFilter; RegexFileFilter; DelegateFileFilter; FileFileFilter; WildcardFilter; NameFileFilter; CanReadFileFilter; NotFileFilter; CanWriteFileFilter; PathMatcherFileFilter,/data/henrique/detecting_smells_study/project/data/repositories/commons-io/src/main/java/org/apache/commons/io/filefilter/AbstractFileFilter.java
commons-io,org.apache.commons.io.filefilter,WildcardFileFilter.Builder,Unnecessary Abstraction,The tool detected the smell in this class because the class contains only a few data members without any method implementation that indicates that the abstraction might not be required. Following fields are declared in this class: wildcards; ioCase,/data/henrique/detecting_smells_study/project/data/repositories/commons-io/src/main/java/org/apache/commons/io/filefilter/WildcardFileFilter.java
commons-io,org.apache.commons.io.filefilter,HiddenFileFilter,Deficient Encapsulation,The tool detected the smell in this class because the class exposes fields belonging to it with public accessibility. Following fields are declared with public accessiblity: HIDDEN; serialVersionUID; VISIBLE,/data/henrique/detecting_smells_study/project/data/repositories/commons-io/src/main/java/org/apache/commons/io/filefilter/HiddenFileFilter.java
commons-io,org.apache.commons.io.filefilter,PathEqualsFileFilter,Unutilized Abstraction,The tool detected the smell in this class because this class is potentially unused. (Please ignore the smell if the reported class is auto-generated and/or used to serve a specific known purpose.),/data/henrique/detecting_smells_study/project/data/repositories/commons-io/src/main/java/org/apache/commons/io/filefilter/PathEqualsFileFilter.java
commons-io,org.apache.commons.io.filefilter,IOFileFilter,Cyclic Hierarchy,The tool detected the smell in this class because the class depends on one of its subclasses (creating cycle in the hierarchy). The class is dependent on the following subclass: AbstractFileFilter,/data/henrique/detecting_smells_study/project/data/repositories/commons-io/src/main/java/org/apache/commons/io/filefilter/IOFileFilter.java
commons-io,org.apache.commons.io.filefilter,DirectoryFileFilter,Deficient Encapsulation,The tool detected the smell in this class because the class exposes fields belonging to it with public accessibility. Following fields are declared with public accessiblity: DIRECTORY; INSTANCE; serialVersionUID,/data/henrique/detecting_smells_study/project/data/repositories/commons-io/src/main/java/org/apache/commons/io/filefilter/DirectoryFileFilter.java
commons-io,org.apache.commons.io.filefilter,SymbolicLinkFileFilter,Deficient Encapsulation,The tool detected the smell in this class because the class exposes fields belonging to it with public accessibility. Following fields are declared with public accessiblity: INSTANCE; serialVersionUID,/data/henrique/detecting_smells_study/project/data/repositories/commons-io/src/main/java/org/apache/commons/io/filefilter/SymbolicLinkFileFilter.java
commons-io,org.apache.commons.io.filefilter,CanExecuteFileFilter,Deficient Encapsulation,The tool detected the smell in this class because the class exposes fields belonging to it with public accessibility. Following fields are declared with public accessiblity: CAN_EXECUTE; CANNOT_EXECUTE; serialVersionUID,/data/henrique/detecting_smells_study/project/data/repositories/commons-io/src/main/java/org/apache/commons/io/filefilter/CanExecuteFileFilter.java
commons-io,org.apache.commons.io.filefilter,FileFileFilter,Deficient Encapsulation,The tool detected the smell in this class because the class exposes fields belonging to it with public accessibility. Following fields are declared with public accessiblity: INSTANCE; FILE; serialVersionUID,/data/henrique/detecting_smells_study/project/data/repositories/commons-io/src/main/java/org/apache/commons/io/filefilter/FileFileFilter.java
commons-io,org.apache.commons.io.filefilter,CanReadFileFilter,Deficient Encapsulation,The tool detected the smell in this class because the class exposes fields belonging to it with public accessibility. Following fields are declared with public accessiblity: CAN_READ; CANNOT_READ; READ_ONLY; serialVersionUID,/data/henrique/detecting_smells_study/project/data/repositories/commons-io/src/main/java/org/apache/commons/io/filefilter/CanReadFileFilter.java
commons-io,org.apache.commons.io.filefilter,NotFileFilter,Unutilized Abstraction,The tool detected the smell in this class because this class is potentially unused. (Please ignore the smell if the reported class is auto-generated and/or used to serve a specific known purpose.),/data/henrique/detecting_smells_study/project/data/repositories/commons-io/src/main/java/org/apache/commons/io/filefilter/NotFileFilter.java
commons-io,org.apache.commons.io.filefilter,CanWriteFileFilter,Deficient Encapsulation,The tool detected the smell in this class because the class exposes fields belonging to it with public accessibility. Following fields are declared with public accessiblity: CAN_WRITE; CANNOT_WRITE; serialVersionUID,/data/henrique/detecting_smells_study/project/data/repositories/commons-io/src/main/java/org/apache/commons/io/filefilter/CanWriteFileFilter.java
commons-io,org.apache.commons.io.filefilter,AbstractIOFileFilterTest.TesterFalseFileFilter,Unnecessary Abstraction,The tool detected the smell in this class because the class contains only a few data members without any method implementation that indicates that the abstraction might not be required. Following fields are declared in this class: serialVersionUID; invoked,/data/henrique/detecting_smells_study/project/data/repositories/commons-io/src/test/java/org/apache/commons/io/filefilter/AbstractIOFileFilterTest.java
commons-io,org.apache.commons.io.filefilter,AbstractIOFileFilterTest.TesterFalseFileFilter,Unutilized Abstraction,The tool detected the smell in this class because this class is potentially unused. (Please ignore the smell if the reported class is auto-generated and/or used to serve a specific known purpose.),/data/henrique/detecting_smells_study/project/data/repositories/commons-io/src/test/java/org/apache/commons/io/filefilter/AbstractIOFileFilterTest.java
commons-io,org.apache.commons.io.filefilter,AbstractIOFileFilterTest.TesterTrueFileFilter,Unnecessary Abstraction,The tool detected the smell in this class because the class contains only a few data members without any method implementation that indicates that the abstraction might not be required. Following fields are declared in this class: serialVersionUID; invoked,/data/henrique/detecting_smells_study/project/data/repositories/commons-io/src/test/java/org/apache/commons/io/filefilter/AbstractIOFileFilterTest.java
commons-io,org.apache.commons.io.filefilter,AbstractIOFileFilterTest.TesterTrueFileFilter,Unutilized Abstraction,The tool detected the smell in this class because this class is potentially unused. (Please ignore the smell if the reported class is auto-generated and/or used to serve a specific known purpose.),/data/henrique/detecting_smells_study/project/data/repositories/commons-io/src/test/java/org/apache/commons/io/filefilter/AbstractIOFileFilterTest.java
commons-io,org.apache.commons.io.filefilter,AbstractFilterTest,Deficient Encapsulation,The tool detected the smell in this class because the class exposes fields belonging to it with public accessibility. Following fields are declared with public accessiblity: SVN_DIR_NAME; WINDOWS; temporaryFolder,/data/henrique/detecting_smells_study/project/data/repositories/commons-io/src/test/java/org/apache/commons/io/filefilter/AbstractFilterTest.java
commons-io,org.apache.commons.io.filefilter,OrFileFilterTest,Imperative Abstraction,The tool detected the smell in this class because it looks like that an operation is turned into a class. This class contains only the following public method: setUpTestFilters,/data/henrique/detecting_smells_study/project/data/repositories/commons-io/src/test/java/org/apache/commons/io/filefilter/OrFileFilterTest.java
commons-io,org.apache.commons.io.filefilter,OrFileFilterTest,Unutilized Abstraction,The tool detected the smell in this class because this class is potentially unused. (Please ignore the smell if the reported class is auto-generated and/or used to serve a specific known purpose.),/data/henrique/detecting_smells_study/project/data/repositories/commons-io/src/test/java/org/apache/commons/io/filefilter/OrFileFilterTest.java
commons-io,org.apache.commons.io.filefilter,OrFileFilterTest,Broken Hierarchy,The tool detected a potential instance of the smell because this type does not implement or override any method from it's supertype(s): AbstractConditionalFileFilterTest,/data/henrique/detecting_smells_study/project/data/repositories/commons-io/src/test/java/org/apache/commons/io/filefilter/OrFileFilterTest.java
commons-io,org.apache.commons.io.input.compatibility,XmlStreamReader,Deficient Encapsulation,The tool detected the smell in this class because the class exposes fields belonging to it with public accessibility. Following fields are declared with public accessiblity: UTF_8; US_ASCII; UTF_16BE; UTF_16LE; UTF_16; UTF_32BE; UTF_32LE; UTF_32; EBCDIC; staticDefaultEncoding; CHARSET_PATTERN; ENCODING_PATTERN; RAW_EX_1; RAW_EX_2; HTTP_EX_1; HTTP_EX_2; HTTP_EX_3; reader; encoding; defaultEncoding,/data/henrique/detecting_smells_study/project/data/repositories/commons-io/src/test/java/org/apache/commons/io/input/compatibility/XmlStreamReader.java
commons-io,org.apache.commons.io.input.compatibility,XmlStreamReaderUtilitiesCompatibilityTest,Unutilized Abstraction,The tool detected the smell in this class because this class is potentially unused. (Please ignore the smell if the reported class is auto-generated and/or used to serve a specific known purpose.),/data/henrique/detecting_smells_study/project/data/repositories/commons-io/src/test/java/org/apache/commons/io/input/compatibility/XmlStreamReaderUtilitiesCompatibilityTest.java
commons-io,org.apache.commons.io.input.compatibility,XmlStreamReaderUtilitiesCompatibilityTest.MockXmlStreamReader,Unnecessary Abstraction,The tool detected the smell in this class because the class contains only a few data members without any method implementation that indicates that the abstraction might not be required. Following fields are declared in this class: ,/data/henrique/detecting_smells_study/project/data/repositories/commons-io/src/test/java/org/apache/commons/io/input/compatibility/XmlStreamReaderUtilitiesCompatibilityTest.java
commons-io,org.apache.commons.io.input.compatibility,XmlStreamReaderUtilitiesCompatibilityTest.MockXmlStreamReader,Unutilized Abstraction,The tool detected the smell in this class because this class is potentially unused. (Please ignore the smell if the reported class is auto-generated and/or used to serve a specific known purpose.),/data/henrique/detecting_smells_study/project/data/repositories/commons-io/src/test/java/org/apache/commons/io/input/compatibility/XmlStreamReaderUtilitiesCompatibilityTest.java
commons-io,org.apache.commons.io.test,ThrowOnCloseOutputStream,Unutilized Abstraction,The tool detected the smell in this class because this class is potentially unused. (Please ignore the smell if the reported class is auto-generated and/or used to serve a specific known purpose.),/data/henrique/detecting_smells_study/project/data/repositories/commons-io/src/test/java/org/apache/commons/io/test/ThrowOnCloseOutputStream.java
commons-io,org.apache.commons.io.test,ThrowOnCloseWriter,Unutilized Abstraction,The tool detected the smell in this class because this class is potentially unused. (Please ignore the smell if the reported class is auto-generated and/or used to serve a specific known purpose.),/data/henrique/detecting_smells_study/project/data/repositories/commons-io/src/test/java/org/apache/commons/io/test/ThrowOnCloseWriter.java
commons-io,org.apache.commons.io.test,ThrowOnCloseReader,Unutilized Abstraction,The tool detected the smell in this class because this class is potentially unused. (Please ignore the smell if the reported class is auto-generated and/or used to serve a specific known purpose.),/data/henrique/detecting_smells_study/project/data/repositories/commons-io/src/test/java/org/apache/commons/io/test/ThrowOnCloseReader.java
commons-io,org.apache.commons.io.test,ThrowOnCloseInputStream,Unutilized Abstraction,The tool detected the smell in this class because this class is potentially unused. (Please ignore the smell if the reported class is auto-generated and/or used to serve a specific known purpose.),/data/henrique/detecting_smells_study/project/data/repositories/commons-io/src/test/java/org/apache/commons/io/test/ThrowOnCloseInputStream.java
commons-io,org.apache.commons.io.jmh,IOUtilsContentEqualsReadersBenchmark_2_9_0,Unutilized Abstraction,The tool detected the smell in this class because this class is potentially unused. (Please ignore the smell if the reported class is auto-generated and/or used to serve a specific known purpose.),/data/henrique/detecting_smells_study/project/data/repositories/commons-io/src/test/java/org/apache/commons/io/jmh/IOUtilsContentEqualsReadersBenchmark_2_9_0.java
commons-io,org.apache.commons.io.jmh,QueueStreamBenchmark,Unutilized Abstraction,The tool detected the smell in this class because this class is potentially unused. (Please ignore the smell if the reported class is auto-generated and/or used to serve a specific known purpose.),/data/henrique/detecting_smells_study/project/data/repositories/commons-io/src/test/java/org/apache/commons/io/jmh/QueueStreamBenchmark.java
commons-io,org.apache.commons.io.jmh,IOUtilsContentEqualsInputStreamsBenchmark,Unutilized Abstraction,The tool detected the smell in this class because this class is potentially unused. (Please ignore the smell if the reported class is auto-generated and/or used to serve a specific known purpose.),/data/henrique/detecting_smells_study/project/data/repositories/commons-io/src/test/java/org/apache/commons/io/jmh/IOUtilsContentEqualsInputStreamsBenchmark.java
commons-io,org.apache.commons.io.jmh,IOUtilsContentEqualsReadersBenchmark_2_22_0,Unutilized Abstraction,The tool detected the smell in this class because this class is potentially unused. (Please ignore the smell if the reported class is auto-generated and/or used to serve a specific known purpose.),/data/henrique/detecting_smells_study/project/data/repositories/commons-io/src/test/java/org/apache/commons/io/jmh/IOUtilsContentEqualsReadersBenchmark_2_22_0.java
commons-io,org.apache.commons.io.jmh,PathUtilsContentEqualsBenchmark,Unutilized Abstraction,The tool detected the smell in this class because this class is potentially unused. (Please ignore the smell if the reported class is auto-generated and/or used to serve a specific known purpose.),/data/henrique/detecting_smells_study/project/data/repositories/commons-io/src/test/java/org/apache/commons/io/jmh/PathUtilsContentEqualsBenchmark.java
